1 0.396667 0.291852 0.375556 0.360000 0.373333 0.370370 0.373333 0.379259 0.381111 0.389630 0.397778 0.442963 0.398889 0.450370 0.398889 0.487407 0.396667 0.496296 0.398889 0.500741 0.403333 0.500741 0.418889 0.496296 0.424444 0.491852 0.440000 0.485926 0.452222 0.478519 0.472222 0.456296 0.482222 0.440000 0.487778 0.423704 0.477778 0.401481 0.468889 0.389630 0.466667 0.382222 0.432222 0.330370 0.407778 0.297778 0.400000 0.291852
1 0.424444 0.503704 0.407778 0.502222 0.395556 0.505185 0.360000 0.524444 0.338889 0.530370 0.331111 0.536296 0.313333 0.561481 0.304444 0.585185 0.300000 0.605926 0.300000 0.654815 0.307778 0.684444 0.316667 0.705185 0.327778 0.722963 0.347778 0.743704 0.360000 0.752593 0.378889 0.760000 0.417778 0.760000 0.435556 0.752593 0.458889 0.736296 0.475556 0.714074 0.482222 0.700741 0.491111 0.675556 0.495556 0.651852 0.495556 0.605926 0.490000 0.577778 0.483333 0.560000 0.472222 0.540741 0.460000 0.525926 0.441111 0.511111
1 0.257778 0.629630 0.240000 0.625185 0.218889 0.625185 0.185556 0.635556 0.166667 0.645926 0.152222 0.657778 0.140000 0.671111 0.125556 0.697778 0.122222 0.754074 0.115556 0.785185 0.121111 0.814815 0.131111 0.829630 0.134444 0.829630 0.141111 0.814815 0.140000 0.807407 0.142222 0.804444 0.146667 0.825185 0.145556 0.856296 0.147778 0.862222 0.158889 0.874074 0.172222 0.882963 0.198889 0.890370 0.217778 0.890370 0.253333 0.881481 0.257778 0.875556 0.275556 0.865185 0.286667 0.854815 0.304444 0.829630 0.317778 0.798519 0.323333 0.768889 0.323333 0.745185 0.320000 0.717037 0.313333 0.705185 0.301111 0.668148 0.294444 0.657778 0.280000 0.642963
1 0.532222 0.262222 0.526667 0.275556 0.523333 0.291852 0.525556 0.336296 0.531111 0.355556 0.541111 0.370370 0.547778 0.374815 0.562222 0.389630 0.582222 0.379259 0.594444 0.376296 0.614444 0.376296 0.624444 0.380741 0.634444 0.380741 0.637778 0.376296 0.636667 0.373333 0.636667 0.339259 0.638889 0.325926 0.646667 0.302222 0.658889 0.282963 0.658889 0.277037 0.654444 0.268148 0.652222 0.259259 0.643333 0.244444 0.627778 0.231111 0.622222 0.231111 0.618889 0.228148 0.605556 0.223704 0.585556 0.222222 0.575556 0.225185 0.573333 0.228148 0.564444 0.229630 0.538889 0.253333
1 0.653333 0.291852 0.646667 0.303704 0.640000 0.324444 0.637778 0.336296 0.637778 0.364444 0.640000 0.382222 0.643333 0.391111 0.654444 0.411852 0.656667 0.419259 0.664444 0.428148 0.675556 0.437037 0.678889 0.437037 0.683333 0.441481 0.688889 0.442963 0.704444 0.425185 0.720000 0.411852 0.724444 0.417778 0.722222 0.431111 0.728889 0.431111 0.735556 0.426667 0.743333 0.426667 0.750000 0.417778 0.752222 0.417778 0.755556 0.422222 0.758889 0.422222 0.767778 0.411852 0.776667 0.394074 0.778889 0.386667 0.778889 0.374815 0.772222 0.349630 0.770000 0.318519 0.767778 0.315556 0.767778 0.308148 0.766667 0.305185 0.758889 0.303704 0.757778 0.300741 0.758889 0.294815 0.754444 0.287407 0.732222 0.272593 0.712222 0.269630 0.708889 0.266667 0.692222 0.266667 0.688889 0.269630 0.676667 0.271111 0.666667 0.278519 0.660000 0.288889
1 0.815556 0.069630 0.805556 0.072593 0.806667 0.080000 0.798889 0.084444 0.772222 0.082963 0.772222 0.088889 0.765556 0.093333 0.764444 0.105185 0.743333 0.106667 0.752222 0.111111 0.747778 0.120000 0.743333 0.115556 0.740000 0.128889 0.735556 0.120000 0.728889 0.127407 0.720000 0.124444 0.716667 0.108148 0.712222 0.114074 0.708889 0.109630 0.711111 0.117037 0.705556 0.122963 0.690000 0.124444 0.682222 0.131852 0.675556 0.121481 0.676667 0.114074 0.686667 0.112593 0.688889 0.106667 0.691111 0.112593 0.701111 0.114074 0.702222 0.109630 0.690000 0.108148 0.693333 0.099259 0.687778 0.100741 0.686667 0.108148 0.673333 0.106667 0.673333 0.112593 0.661111 0.121481 0.671111 0.133333 0.662222 0.142222 0.655556 0.174815 0.657778 0.185185 0.653333 0.192593 0.646667 0.194074 0.661111 0.204444 0.662222 0.210370 0.654444 0.220741 0.662222 0.222222 0.664444 0.240000 0.676667 0.237037 0.700000 0.259259 0.706667 0.259259 0.706667 0.208889 0.712222 0.202963 0.716667 0.216296 0.724444 0.216296 0.730000 0.210370 0.731111 0.216296 0.726667 0.223704 0.732222 0.231111 0.733333 0.256296 0.735556 0.260741 0.742222 0.259259 0.753333 0.248889 0.774444 0.200000 0.770000 0.194074 0.771111 0.185185 0.782222 0.204444 0.794444 0.205926 0.791111 0.198519 0.786667 0.204444 0.781111 0.195556 0.784444 0.192593 0.784444 0.177778 0.787778 0.174815 0.791111 0.179259 0.796667 0.171852 0.810000 0.168889 0.806667 0.164444 0.810000 0.155556 0.802222 0.152593 0.795556 0.161481 0.785556 0.158519 0.794444 0.152593 0.798889 0.140741 0.796667 0.130370 0.818889 0.111111 0.808889 0.108148 0.802222 0.112593 0.764444 0.117037 0.763333 0.109630 0.770000 0.105185 0.771111 0.111111 0.788889 0.100741 0.784444 0.094815 0.790000 0.088889 0.797778 0.088889 0.801111 0.094815 0.807778 0.093333 0.807778 0.082963
1 0.921111 0.047407 0.905556 0.042963 0.895556 0.042963 0.875556 0.048889 0.864444 0.057778 0.853333 0.062222 0.850000 0.065185 0.846667 0.075556 0.840000 0.080000 0.844444 0.085926 0.840000 0.091852 0.836667 0.091852 0.835556 0.090370 0.838889 0.084444 0.837778 0.081481 0.833333 0.087407 0.830000 0.100741 0.826667 0.103704 0.817778 0.121481 0.813333 0.137778 0.812222 0.158519 0.813333 0.165926 0.817778 0.173333 0.821111 0.186667 0.830000 0.202963 0.850000 0.220741 0.867778 0.231111 0.897778 0.232593 0.914444 0.223704 0.944444 0.191111 0.952222 0.177778 0.956667 0.165926 0.962222 0.142222 0.962222 0.115556 0.957778 0.096296 0.947778 0.074074 0.932222 0.054815
1 0.146667 0.330370 0.140000 0.321481 0.138889 0.317037 0.135556 0.312593 0.133333 0.312593 0.132222 0.309630 0.117778 0.300741 0.115556 0.297778 0.107778 0.296296 0.104444 0.293333 0.093333 0.291852 0.087778 0.288889 0.072222 0.288889 0.046667 0.299259 0.037778 0.308148 0.032222 0.311111 0.025556 0.320000 0.023333 0.325926 0.016667 0.334815 0.008889 0.355556 0.008889 0.365926 0.005556 0.379259 0.005556 0.394074 0.007778 0.400000 0.008889 0.417778 0.014444 0.434074 0.016667 0.437037 0.018889 0.437037 0.024444 0.444444 0.038889 0.437037 0.050000 0.438519 0.055556 0.432593 0.062222 0.429630 0.064444 0.423704 0.070000 0.423704 0.071111 0.425185 0.076667 0.423704 0.080000 0.417778 0.083333 0.416296 0.084444 0.417778 0.098889 0.416296 0.104444 0.408889 0.107778 0.401481 0.115556 0.392593 0.123333 0.379259 0.126667 0.368889 0.136667 0.354074 0.140000 0.352593 0.142222 0.346667 0.143333 0.334815
1 0.201111 0.232593 0.196667 0.241481 0.196667 0.244444 0.192222 0.256296 0.191111 0.265185 0.187778 0.272593 0.187778 0.277037 0.185556 0.284444 0.185556 0.293333 0.184444 0.294815 0.184444 0.299259 0.182222 0.305185 0.182222 0.309630 0.181111 0.311111 0.181111 0.314074 0.178889 0.320000 0.178889 0.325926 0.177778 0.327407 0.177778 0.340741 0.176667 0.342222 0.176667 0.348148 0.173333 0.358519 0.172222 0.370370 0.168889 0.377778 0.168889 0.391111 0.167778 0.392593 0.173333 0.402963 0.177778 0.404444 0.187778 0.417778 0.190000 0.417778 0.193333 0.420741 0.196667 0.420741 0.197778 0.422222 0.202222 0.422222 0.206667 0.417778 0.206667 0.414815 0.207778 0.413333 0.207778 0.407407 0.208889 0.405926 0.208889 0.364444 0.210000 0.362963 0.210000 0.352593 0.211111 0.351111 0.211111 0.330370 0.210000 0.328889 0.210000 0.315556 0.211111 0.314074 0.210000 0.312593 0.210000 0.272593 0.208889 0.271111 0.208889 0.260741 0.207778 0.259259 0.207778 0.247407 0.205556 0.242963 0.204444 0.237037
1 0.407778 0.124444 0.404444 0.127407 0.402222 0.134815 0.398889 0.139259 0.397778 0.142222 0.397778 0.146667 0.394444 0.155556 0.394444 0.161481 0.393333 0.162963 0.393333 0.192593 0.400000 0.210370 0.400000 0.214815 0.401111 0.216296 0.401111 0.220741 0.402222 0.222222 0.402222 0.231111 0.403333 0.232593 0.403333 0.237037 0.407778 0.244444 0.410000 0.244444 0.411111 0.245926 0.415556 0.245926 0.416667 0.244444 0.431111 0.244444 0.432222 0.245926 0.436667 0.245926 0.438889 0.247407 0.442222 0.244444 0.443333 0.238519 0.444444 0.237037 0.444444 0.234074 0.445556 0.232593 0.446667 0.219259 0.450000 0.210370 0.450000 0.192593 0.448889 0.191111 0.448889 0.185185 0.447778 0.183704 0.447778 0.180741 0.443333 0.168889 0.443333 0.161481 0.438889 0.154074 0.438889 0.149630 0.436667 0.146667 0.435556 0.140741 0.432222 0.137778 0.432222 0.136296 0.435556 0.133333 0.436667 0.130370 0.436667 0.125926 0.433333 0.125926 0.432222 0.127407 0.432222 0.131852 0.431111 0.133333 0.430000 0.130370 0.425556 0.130370 0.424444 0.131852 0.415556 0.131852 0.411111 0.128889
1 0.374444 0.023704 0.374444 0.028148 0.383333 0.032593 0.390000 0.050370 0.388889 0.060741 0.383333 0.062222 0.381111 0.066667 0.376667 0.063704 0.375556 0.077037 0.386667 0.082963 0.390000 0.100741 0.405556 0.124444 0.431111 0.139259 0.446667 0.167407 0.458889 0.173333 0.471111 0.170370 0.473333 0.165926 0.482222 0.165926 0.485556 0.160000 0.491111 0.164444 0.505556 0.145185 0.512222 0.151111 0.511111 0.173333 0.507778 0.179259 0.513333 0.174815 0.514444 0.152593 0.522222 0.142222 0.520000 0.137778 0.521111 0.130370 0.527778 0.127407 0.523333 0.121481 0.513333 0.124444 0.504444 0.121481 0.493333 0.125926 0.488889 0.117037 0.491111 0.108148 0.475556 0.100741 0.487778 0.094815 0.513333 0.093333 0.521111 0.102222 0.522222 0.099259 0.518889 0.094815 0.527778 0.080000 0.521111 0.074074 0.525556 0.068148 0.533333 0.074074 0.541111 0.068148 0.548889 0.075556 0.544444 0.059259 0.534444 0.054815 0.530000 0.045926 0.522222 0.042963 0.510000 0.031111 0.501111 0.031111 0.502222 0.038519 0.494444 0.042963 0.493333 0.048889 0.482222 0.065185 0.466667 0.075556 0.462222 0.085926 0.453333 0.087407 0.447778 0.062222 0.458889 0.022222 0.447778 0.023704 0.435556 0.040000 0.423333 0.023704 0.411111 0.034074 0.403333 0.032593 0.395556 0.019259 0.390000 0.020741 0.387778 0.017778
1 0.515556 0.272593 0.513333 0.277037 0.515556 0.282963 0.512222 0.287407 0.508889 0.282963 0.508889 0.293333 0.511111 0.290370 0.514444 0.291852 0.513333 0.299259 0.515556 0.303704 0.511111 0.309630 0.515556 0.314074 0.515556 0.325926 0.511111 0.330370 0.513333 0.330370 0.518889 0.340741 0.522222 0.340741 0.522222 0.337778 0.518889 0.336296 0.520000 0.333333 0.525556 0.337778 0.532222 0.358519 0.538889 0.367407 0.541111 0.377778 0.544444 0.373333 0.553333 0.377778 0.548889 0.379259 0.548889 0.382222 0.553333 0.382222 0.555556 0.388148 0.560000 0.386667 0.562222 0.392593 0.605556 0.410370 0.618889 0.419259 0.632222 0.422222 0.638889 0.431111 0.640000 0.438519 0.643333 0.441481 0.655556 0.469630 0.661111 0.474074 0.667778 0.472593 0.667778 0.459259 0.670000 0.453333 0.666667 0.438519 0.636667 0.383704 0.633333 0.382222 0.638889 0.373333 0.637778 0.343704 0.641111 0.320000 0.646667 0.309630 0.648889 0.297778 0.658889 0.287407 0.658889 0.277037 0.645556 0.245926 0.632222 0.234074 0.622222 0.231111 0.615556 0.225185 0.588889 0.220741 0.581111 0.223704 0.572222 0.220741 0.572222 0.226667 0.564444 0.228148 0.532222 0.262222 0.521111 0.293333
1 0.774444 0.835556 0.767778 0.831111 0.764444 0.834074 0.760000 0.834074 0.755556 0.838519 0.738889 0.837037 0.732222 0.832593 0.728889 0.828148 0.727778 0.819259 0.717778 0.808889 0.717778 0.802963 0.714444 0.800000 0.712222 0.791111 0.708889 0.786667 0.704444 0.786667 0.680000 0.798519 0.638889 0.805926 0.633333 0.811852 0.625556 0.845926 0.624444 0.860741 0.615556 0.888889 0.616667 0.911111 0.626667 0.943704 0.643333 0.970370 0.653333 0.977778 0.655556 0.976296 0.655556 0.971852 0.661111 0.965926 0.666667 0.968889 0.680000 0.964444 0.686667 0.965926 0.688889 0.968889 0.691111 0.965926 0.715556 0.965926 0.720000 0.970370 0.724444 0.965926 0.727778 0.968889 0.732222 0.967407 0.735556 0.970370 0.740000 0.965926 0.744444 0.965926 0.751111 0.974815 0.763333 0.961481 0.770000 0.949630 0.782222 0.918519 0.785556 0.887407 0.781111 0.854815
1 0.563333 0.604444 0.552222 0.644444 0.552222 0.682963 0.555556 0.694815 0.555556 0.706667 0.561111 0.708148 0.561111 0.720000 0.564444 0.730370 0.571111 0.737778 0.574444 0.746667 0.576667 0.745185 0.574444 0.745185 0.573333 0.739259 0.570000 0.736296 0.574444 0.727407 0.578889 0.734815 0.583333 0.727407 0.592222 0.728889 0.595556 0.733333 0.593333 0.727407 0.595556 0.722963 0.597778 0.727407 0.601111 0.727407 0.602222 0.731852 0.607778 0.727407 0.610000 0.731852 0.613333 0.728889 0.622222 0.728889 0.626667 0.733333 0.630000 0.728889 0.634444 0.731852 0.642222 0.724444 0.645556 0.727407 0.650000 0.724444 0.656667 0.728889 0.665556 0.724444 0.673333 0.730370 0.680000 0.725926 0.694444 0.725926 0.691111 0.717037 0.687778 0.715556 0.692222 0.708148 0.698889 0.714074 0.701111 0.720000 0.700000 0.725926 0.704444 0.728889 0.710000 0.727407 0.712222 0.722963 0.715556 0.727407 0.720000 0.724444 0.726667 0.725926 0.727778 0.722963 0.733333 0.727407 0.735556 0.722963 0.742222 0.728889 0.741111 0.736296 0.743333 0.736296 0.751111 0.721481 0.751111 0.714074 0.755556 0.705185 0.760000 0.682963 0.760000 0.657778 0.755556 0.632593 0.747778 0.610370 0.736667 0.589630 0.728889 0.579259 0.700000 0.557037 0.688889 0.561481 0.682222 0.558519 0.681111 0.567407 0.673333 0.573333 0.670000 0.570370 0.636667 0.571852 0.633333 0.568889 0.631111 0.560000 0.620000 0.555556 0.590000 0.568889 0.577778 0.582222
0 0.505556 0.720000 0.482222 0.739259 0.470000 0.758519 0.464444 0.771852 0.457778 0.807407 0.457778 0.837037 0.461111 0.859259 0.471111 0.887407 0.478889 0.900741 0.494444 0.918519 0.512222 0.931852 0.536667 0.939259 0.552222 0.939259 0.563333 0.933333 0.572222 0.931852 0.593333 0.915556 0.610000 0.893333 0.614444 0.884444 0.625556 0.840000 0.626667 0.829630 0.625556 0.804444 0.621111 0.797037 0.604444 0.788148 0.584444 0.768889 0.553333 0.720000 0.518889 0.717037
0 0.464444 0.875556 0.456667 0.869630 0.450000 0.868148 0.446667 0.865185 0.440000 0.865185 0.438889 0.863704 0.435556 0.866667 0.423333 0.866667 0.403333 0.875556 0.400000 0.878519 0.392222 0.890370 0.384444 0.896296 0.381111 0.911111 0.377778 0.917037 0.377778 0.925926 0.375556 0.934815 0.375556 0.961481 0.376667 0.962963 0.377778 0.973333 0.381111 0.982222 0.384444 0.986667 0.387778 0.988148 0.393333 0.998519 0.482222 0.998519 0.483333 0.991111 0.481111 0.986667 0.481111 0.979259 0.483333 0.976296 0.482222 0.967407 0.481111 0.965926 0.482222 0.939259 0.478889 0.934815 0.478889 0.930370 0.480000 0.928889 0.476667 0.925926 0.476667 0.905185 0.475556 0.900741 0.468889 0.888889 0.467778 0.881481
0 0.330000 0.983704 0.324444 0.967407 0.313333 0.949630 0.301111 0.936296 0.294444 0.933333 0.287778 0.933333 0.286667 0.931852 0.277778 0.930370 0.273333 0.934815 0.272222 0.949630 0.267778 0.961481 0.263333 0.965926 0.258889 0.980741 0.251111 0.989630 0.216667 0.988148 0.203333 0.977778 0.201111 0.973333 0.187778 0.958519 0.180000 0.971852 0.178889 0.977778 0.172222 0.994074 0.172222 0.998519 0.332222 0.998519
0 0.901111 0.432593 0.878889 0.432593 0.877778 0.434074 0.868889 0.434074 0.860000 0.437037 0.846667 0.444444 0.838889 0.451852 0.823333 0.477037 0.823333 0.490370 0.825556 0.496296 0.825556 0.502222 0.828889 0.517037 0.827778 0.558519 0.831111 0.565926 0.844444 0.582222 0.846667 0.582222 0.862222 0.592593 0.867778 0.592593 0.868889 0.594074 0.884444 0.594074 0.885556 0.592593 0.894444 0.592593 0.895556 0.591111 0.904444 0.589630 0.916667 0.582222 0.921111 0.576296 0.930000 0.568889 0.934444 0.562963 0.934444 0.560000 0.940000 0.549630 0.945556 0.531852 0.946667 0.518519 0.947778 0.517037 0.946667 0.515556 0.945556 0.487407 0.938889 0.468148 0.933333 0.457778 0.918889 0.441481
0 0.810000 0.600000 0.810000 0.605926 0.808889 0.607407 0.808889 0.614815 0.810000 0.616296 0.808889 0.617778 0.808889 0.632593 0.812222 0.637037 0.811111 0.647407 0.805556 0.650370 0.792222 0.650370 0.780000 0.656296 0.773333 0.665185 0.766667 0.678519 0.764444 0.687407 0.764444 0.694815 0.762222 0.699259 0.762222 0.711111 0.763333 0.715556 0.770000 0.722963 0.775556 0.737778 0.778889 0.754074 0.780000 0.770370 0.782222 0.774815 0.788889 0.777778 0.805556 0.777778 0.806667 0.776296 0.811111 0.776296 0.824444 0.770370 0.832222 0.764444 0.850000 0.743704 0.853333 0.734815 0.857778 0.728889 0.862222 0.711111 0.861111 0.681481 0.858889 0.672593 0.853333 0.659259 0.835556 0.640000 0.827778 0.640000 0.824444 0.637037 0.822222 0.626667 0.817778 0.619259 0.817778 0.613333 0.815556 0.607407
0 0.835556 0.262222 0.828889 0.262222 0.827778 0.263704 0.825556 0.263704 0.821111 0.268148 0.820000 0.274074 0.814444 0.281481 0.812222 0.281481 0.810000 0.284444 0.803333 0.284444 0.801111 0.282963 0.800000 0.284444 0.796667 0.284444 0.791111 0.288889 0.786667 0.288889 0.785556 0.293333 0.776667 0.306667 0.776667 0.309630 0.773333 0.315556 0.773333 0.321481 0.772222 0.322963 0.772222 0.327407 0.773333 0.328889 0.773333 0.345185 0.774444 0.346667 0.774444 0.352593 0.776667 0.357037 0.776667 0.360000 0.777778 0.361481 0.778889 0.368889 0.781111 0.373333 0.781111 0.376296 0.783333 0.382222 0.787778 0.388148 0.790000 0.388148 0.791111 0.389630 0.797778 0.389630 0.801111 0.392593 0.814444 0.392593 0.815556 0.394074 0.826667 0.392593 0.827778 0.391111 0.836667 0.388148 0.838889 0.385185 0.844444 0.382222 0.854444 0.370370 0.861111 0.357037 0.866667 0.337778 0.866667 0.318519 0.865556 0.317037 0.865556 0.312593 0.863333 0.305185 0.857778 0.297778 0.850000 0.282963 0.845556 0.277037 0.842222 0.268148
0 0.763333 0.426667 0.762222 0.428148 0.755556 0.428148 0.751111 0.434074 0.748889 0.451852 0.732222 0.502222 0.725556 0.512593 0.725556 0.515556 0.718889 0.522963 0.717778 0.527407 0.701111 0.554074 0.707778 0.560000 0.714444 0.562963 0.730000 0.577778 0.742222 0.594074 0.743333 0.598519 0.755556 0.617778 0.767778 0.617778 0.768889 0.616296 0.774444 0.616296 0.781111 0.611852 0.785556 0.611852 0.787778 0.608889 0.794444 0.605926 0.797778 0.600000 0.810000 0.589630 0.813333 0.585185 0.818889 0.570370 0.823333 0.564444 0.823333 0.560000 0.826667 0.549630 0.826667 0.543704 0.828889 0.537778 0.828889 0.524444 0.824444 0.497778 0.821111 0.491852 0.818889 0.481481 0.812222 0.472593 0.810000 0.465185 0.791111 0.442963 0.776667 0.432593 0.773333 0.432593
