1 0.412256 0.156000 0.409471 0.160000 0.406685 0.160000 0.403900 0.164000 0.401114 0.164000 0.398329 0.168000 0.395543 0.168000 0.384401 0.184000 0.384401 0.188000 0.378830 0.196000 0.378830 0.200000 0.376045 0.204000 0.376045 0.212000 0.373259 0.216000 0.373259 0.264000 0.376045 0.268000 0.376045 0.276000 0.378830 0.280000 0.378830 0.284000 0.381616 0.288000 0.381616 0.292000 0.389972 0.304000 0.389972 0.308000 0.392758 0.308000 0.401114 0.320000 0.403900 0.320000 0.406685 0.324000 0.415042 0.324000 0.417827 0.328000 0.448468 0.328000 0.451253 0.324000 0.456825 0.324000 0.459610 0.320000 0.462396 0.320000 0.467967 0.312000 0.470752 0.312000 0.481894 0.296000 0.481894 0.292000 0.487465 0.284000 0.487465 0.280000 0.493036 0.272000 0.493036 0.264000 0.495822 0.260000 0.495822 0.216000 0.493036 0.212000 0.493036 0.204000 0.487465 0.196000 0.484680 0.196000 0.481894 0.192000 0.476323 0.192000 0.473538 0.188000 0.470752 0.188000 0.467967 0.184000 0.465181 0.184000 0.445682 0.156000 0.440111 0.156000 0.437326 0.152000 0.423398 0.152000 0.420613 0.156000
1 0.529248 0.148000 0.526462 0.152000 0.523677 0.152000 0.512535 0.168000 0.512535 0.172000 0.509749 0.176000 0.512535 0.180000 0.512535 0.184000 0.515320 0.188000 0.515320 0.200000 0.518106 0.204000 0.518106 0.208000 0.520891 0.212000 0.520891 0.216000 0.523677 0.220000 0.523677 0.224000 0.526462 0.228000 0.526462 0.232000 0.532033 0.240000 0.532033 0.244000 0.534819 0.248000 0.534819 0.252000 0.545961 0.268000 0.548747 0.268000 0.551532 0.272000 0.568245 0.272000 0.568245 0.268000 0.573816 0.260000 0.573816 0.256000 0.576602 0.252000 0.576602 0.248000 0.579387 0.244000 0.579387 0.236000 0.582173 0.232000 0.582173 0.196000 0.579387 0.192000 0.579387 0.188000 0.576602 0.184000 0.573816 0.184000 0.568245 0.176000 0.565460 0.176000 0.562674 0.172000 0.557103 0.172000 0.551532 0.164000 0.548747 0.164000 0.543175 0.156000 0.540390 0.156000 0.537604 0.152000 0.534819 0.152000 0.532033 0.148000
1 0.275766 0.056000 0.264624 0.072000 0.264624 0.076000 0.259053 0.084000 0.259053 0.088000 0.256267 0.092000 0.256267 0.108000 0.261838 0.116000 0.261838 0.120000 0.267409 0.128000 0.267409 0.132000 0.272981 0.140000 0.275766 0.140000 0.284123 0.152000 0.286908 0.152000 0.295265 0.164000 0.295265 0.168000 0.303621 0.180000 0.306407 0.180000 0.309192 0.184000 0.320334 0.184000 0.323120 0.188000 0.331476 0.188000 0.334262 0.192000 0.348189 0.192000 0.350975 0.188000 0.350975 0.184000 0.356546 0.176000 0.356546 0.168000 0.359331 0.164000 0.359331 0.156000 0.362117 0.152000 0.362117 0.112000 0.359331 0.108000 0.359331 0.104000 0.356546 0.100000 0.356546 0.092000 0.350975 0.084000 0.350975 0.080000 0.337047 0.060000 0.325905 0.060000 0.323120 0.056000 0.311978 0.056000 0.309192 0.052000 0.303621 0.052000 0.298050 0.044000 0.292479 0.044000 0.289694 0.048000 0.286908 0.048000 0.284123 0.052000 0.281337 0.052000 0.278552 0.056000
1 0.465181 0.412000 0.437326 0.412000 0.434540 0.416000 0.431755 0.416000 0.428969 0.420000 0.423398 0.420000 0.417827 0.428000 0.415042 0.428000 0.398329 0.452000 0.398329 0.456000 0.395543 0.460000 0.395543 0.464000 0.392758 0.468000 0.392758 0.472000 0.389972 0.476000 0.389972 0.524000 0.392758 0.528000 0.392758 0.532000 0.395543 0.536000 0.395543 0.540000 0.401114 0.548000 0.401114 0.552000 0.406685 0.560000 0.409471 0.560000 0.415042 0.568000 0.417827 0.568000 0.420613 0.572000 0.423398 0.572000 0.426184 0.576000 0.440111 0.576000 0.442897 0.572000 0.462396 0.572000 0.465181 0.568000 0.473538 0.568000 0.479109 0.560000 0.481894 0.560000 0.484680 0.556000 0.487465 0.556000 0.495822 0.544000 0.495822 0.540000 0.501393 0.532000 0.501393 0.524000 0.504178 0.520000 0.504178 0.512000 0.506964 0.508000 0.506964 0.500000 0.504178 0.496000 0.504178 0.492000 0.487465 0.468000 0.487465 0.464000 0.484680 0.460000 0.484680 0.456000 0.481894 0.452000 0.481894 0.448000 0.479109 0.444000 0.479109 0.432000 0.476323 0.428000 0.476323 0.424000 0.470752 0.416000 0.467967 0.416000
1 0.571031 0.360000 0.557103 0.380000 0.557103 0.384000 0.554318 0.388000 0.554318 0.396000 0.551532 0.400000 0.551532 0.416000 0.554318 0.420000 0.554318 0.432000 0.557103 0.436000 0.557103 0.440000 0.559889 0.444000 0.562674 0.444000 0.565460 0.448000 0.568245 0.448000 0.571031 0.452000 0.573816 0.452000 0.579387 0.460000 0.582173 0.460000 0.584958 0.464000 0.587744 0.464000 0.590529 0.468000 0.596100 0.468000 0.598886 0.472000 0.601671 0.472000 0.604457 0.476000 0.607242 0.476000 0.610028 0.480000 0.615599 0.480000 0.626741 0.496000 0.629526 0.496000 0.637883 0.484000 0.640669 0.484000 0.649025 0.472000 0.649025 0.468000 0.651811 0.464000 0.651811 0.460000 0.654596 0.456000 0.654596 0.452000 0.657382 0.448000 0.657382 0.412000 0.654596 0.408000 0.654596 0.400000 0.651811 0.396000 0.651811 0.392000 0.649025 0.388000 0.649025 0.384000 0.646240 0.380000 0.632312 0.380000 0.629526 0.376000 0.618384 0.376000 0.601671 0.352000 0.582173 0.352000 0.579387 0.356000 0.576602 0.356000 0.573816 0.360000
1 0.571031 0.524000 0.557103 0.544000 0.557103 0.564000 0.562674 0.576000 0.571031 0.580000 0.584958 0.596000 0.590529 0.596000 0.593315 0.600000 0.593315 0.604000 0.596100 0.604000 0.601671 0.616000 0.596100 0.624000 0.582173 0.604000 0.573816 0.600000 0.565460 0.588000 0.562674 0.588000 0.559889 0.584000 0.554318 0.584000 0.554318 0.588000 0.551532 0.592000 0.551532 0.640000 0.565460 0.660000 0.568245 0.660000 0.573816 0.668000 0.579387 0.668000 0.582173 0.672000 0.587744 0.672000 0.596100 0.680000 0.621170 0.680000 0.623955 0.676000 0.629526 0.676000 0.632312 0.672000 0.635097 0.672000 0.640669 0.664000 0.643454 0.664000 0.643454 0.660000 0.651811 0.648000 0.654596 0.648000 0.654596 0.644000 0.657382 0.640000 0.657382 0.624000 0.660167 0.620000 0.660167 0.596000 0.657382 0.592000 0.657382 0.580000 0.654596 0.576000 0.651811 0.564000 0.646240 0.556000 0.626741 0.556000 0.623955 0.552000 0.615599 0.552000 0.612813 0.548000 0.610028 0.548000 0.604457 0.540000 0.601671 0.540000 0.598886 0.536000 0.598886 0.532000 0.590529 0.520000 0.579387 0.520000 0.576602 0.524000
0 0.476323 0.716000 0.473538 0.720000 0.467967 0.720000 0.465181 0.724000 0.462396 0.724000 0.459610 0.728000 0.456825 0.728000 0.454039 0.732000 0.451253 0.732000 0.440111 0.748000 0.440111 0.752000 0.437326 0.756000 0.437326 0.760000 0.434540 0.764000 0.434540 0.772000 0.431755 0.776000 0.431755 0.824000 0.434540 0.828000 0.434540 0.832000 0.437326 0.836000 0.437326 0.844000 0.454039 0.868000 0.456825 0.868000 0.459610 0.872000 0.462396 0.872000 0.465181 0.876000 0.479109 0.876000 0.481894 0.880000 0.487465 0.880000 0.490251 0.876000 0.506964 0.876000 0.509749 0.872000 0.512535 0.872000 0.526462 0.852000 0.526462 0.848000 0.529248 0.844000 0.529248 0.840000 0.532033 0.836000 0.532033 0.832000 0.534819 0.828000 0.534819 0.816000 0.537604 0.812000 0.537604 0.788000 0.534819 0.784000 0.534819 0.772000 0.532033 0.768000 0.532033 0.760000 0.529248 0.756000 0.529248 0.752000 0.526462 0.748000 0.526462 0.744000 0.523677 0.740000 0.518106 0.740000 0.515320 0.736000 0.512535 0.736000 0.506964 0.728000 0.504178 0.728000 0.498607 0.720000 0.495822 0.720000 0.493036 0.716000
0 0.403900 0.632000 0.403900 0.640000 0.401114 0.644000 0.401114 0.680000 0.403900 0.684000 0.403900 0.688000 0.406685 0.692000 0.406685 0.700000 0.420613 0.720000 0.423398 0.720000 0.426184 0.724000 0.428969 0.724000 0.431755 0.728000 0.434540 0.728000 0.437326 0.732000 0.445682 0.732000 0.448468 0.728000 0.451253 0.728000 0.454039 0.724000 0.456825 0.724000 0.459610 0.720000 0.462396 0.720000 0.465181 0.716000 0.470752 0.716000 0.473538 0.712000 0.479109 0.712000 0.481894 0.708000 0.487465 0.708000 0.490251 0.704000 0.493036 0.704000 0.501393 0.692000 0.504178 0.692000 0.504178 0.688000 0.506964 0.684000 0.506964 0.680000 0.509749 0.676000 0.509749 0.664000 0.512535 0.660000 0.512535 0.628000 0.509749 0.624000 0.509749 0.620000 0.501393 0.608000 0.490251 0.608000 0.487465 0.604000 0.476323 0.604000 0.465181 0.588000 0.462396 0.588000 0.459610 0.584000 0.431755 0.584000 0.409471 0.616000 0.409471 0.620000 0.406685 0.624000 0.406685 0.628000
0 0.551532 0.804000 0.548747 0.808000 0.543175 0.808000 0.540390 0.812000 0.540390 0.816000 0.537604 0.820000 0.537604 0.828000 0.534819 0.832000 0.534819 0.840000 0.532033 0.844000 0.532033 0.848000 0.526462 0.856000 0.526462 0.860000 0.518106 0.872000 0.518106 0.892000 0.534819 0.916000 0.537604 0.916000 0.540390 0.920000 0.571031 0.920000 0.573816 0.916000 0.579387 0.916000 0.582173 0.912000 0.582173 0.908000 0.590529 0.896000 0.590529 0.892000 0.593315 0.888000 0.593315 0.880000 0.596100 0.876000 0.596100 0.856000 0.593315 0.852000 0.593315 0.840000 0.590529 0.836000 0.590529 0.832000 0.587744 0.828000 0.587744 0.824000 0.576602 0.808000 0.573816 0.808000 0.571031 0.804000
0 0.559889 0.748000 0.559889 0.780000 0.568245 0.792000 0.571031 0.792000 0.576602 0.800000 0.576602 0.804000 0.579387 0.804000 0.584958 0.812000 0.584958 0.816000 0.590529 0.824000 0.590529 0.828000 0.593315 0.832000 0.593315 0.836000 0.596100 0.840000 0.596100 0.848000 0.598886 0.852000 0.598886 0.864000 0.601671 0.868000 0.601671 0.872000 0.604457 0.872000 0.607242 0.876000 0.626741 0.876000 0.629526 0.872000 0.632312 0.872000 0.635097 0.868000 0.637883 0.868000 0.643454 0.860000 0.646240 0.860000 0.646240 0.856000 0.651811 0.848000 0.651811 0.844000 0.662953 0.828000 0.662953 0.804000 0.660167 0.800000 0.660167 0.792000 0.657382 0.788000 0.657382 0.784000 0.654596 0.780000 0.654596 0.776000 0.651811 0.772000 0.651811 0.768000 0.637883 0.748000 0.635097 0.748000 0.632312 0.744000 0.623955 0.744000 0.621170 0.748000 0.618384 0.748000 0.615599 0.752000 0.612813 0.752000 0.604457 0.764000 0.593315 0.764000 0.590529 0.760000 0.593315 0.756000 0.593315 0.748000 0.590529 0.744000 0.590529 0.736000 0.587744 0.736000 0.584958 0.732000 0.576602 0.732000 0.573816 0.736000 0.571031 0.736000 0.565460 0.744000 0.562674 0.744000
0 0.214485 0.136000 0.208914 0.144000 0.206128 0.144000 0.197772 0.156000 0.197772 0.160000 0.194986 0.164000 0.194986 0.168000 0.192201 0.172000 0.192201 0.176000 0.189415 0.180000 0.189415 0.228000 0.192201 0.232000 0.192201 0.236000 0.194986 0.240000 0.194986 0.244000 0.200557 0.252000 0.200557 0.256000 0.203343 0.256000 0.206128 0.260000 0.211699 0.260000 0.214485 0.264000 0.220056 0.264000 0.222841 0.268000 0.228412 0.268000 0.231198 0.272000 0.233983 0.272000 0.236769 0.276000 0.259053 0.276000 0.261838 0.272000 0.267409 0.272000 0.267409 0.268000 0.272981 0.260000 0.272981 0.256000 0.275766 0.252000 0.275766 0.248000 0.278552 0.244000 0.278552 0.240000 0.281337 0.236000 0.281337 0.228000 0.284123 0.224000 0.284123 0.188000 0.281337 0.184000 0.281337 0.180000 0.278552 0.176000 0.278552 0.168000 0.264624 0.148000 0.261838 0.148000 0.256267 0.140000 0.236769 0.140000 0.233983 0.136000
0 0.153203 0.120000 0.150418 0.124000 0.150418 0.128000 0.147632 0.132000 0.147632 0.136000 0.144847 0.140000 0.144847 0.144000 0.136490 0.156000 0.130919 0.156000 0.128134 0.160000 0.122563 0.160000 0.119777 0.164000 0.114206 0.164000 0.114206 0.176000 0.116992 0.180000 0.116992 0.188000 0.122563 0.196000 0.122563 0.200000 0.125348 0.204000 0.125348 0.208000 0.128134 0.212000 0.128134 0.216000 0.133705 0.224000 0.133705 0.228000 0.136490 0.232000 0.136490 0.236000 0.139276 0.240000 0.139276 0.244000 0.144847 0.252000 0.144847 0.256000 0.147632 0.260000 0.147632 0.264000 0.150418 0.268000 0.172702 0.268000 0.175487 0.264000 0.178273 0.264000 0.186630 0.252000 0.186630 0.248000 0.189415 0.244000 0.189415 0.236000 0.186630 0.232000 0.186630 0.180000 0.189415 0.176000 0.189415 0.168000 0.192201 0.164000 0.192201 0.152000 0.189415 0.148000 0.189415 0.144000 0.181058 0.132000 0.178273 0.132000 0.172702 0.124000 0.167131 0.124000 0.164345 0.120000
0 0.317549 0.192000 0.314763 0.196000 0.311978 0.196000 0.309192 0.200000 0.306407 0.200000 0.300836 0.208000 0.298050 0.208000 0.295265 0.212000 0.292479 0.212000 0.292479 0.216000 0.286908 0.224000 0.286908 0.228000 0.284123 0.232000 0.284123 0.244000 0.281337 0.248000 0.284123 0.252000 0.284123 0.268000 0.289694 0.276000 0.289694 0.280000 0.298050 0.292000 0.300836 0.292000 0.303621 0.296000 0.306407 0.296000 0.309192 0.300000 0.314763 0.300000 0.317549 0.304000 0.328691 0.304000 0.331476 0.300000 0.334262 0.300000 0.337047 0.296000 0.339833 0.296000 0.342618 0.292000 0.345404 0.292000 0.356546 0.276000 0.356546 0.268000 0.359331 0.264000 0.359331 0.228000 0.356546 0.224000 0.356546 0.216000 0.345404 0.200000 0.339833 0.200000 0.337047 0.196000 0.331476 0.196000 0.328691 0.192000
0 0.242340 0.028000 0.239554 0.028000 0.236769 0.032000 0.233983 0.032000 0.231198 0.036000 0.222841 0.036000 0.220056 0.032000 0.211699 0.032000 0.208914 0.028000 0.206128 0.028000 0.203343 0.024000 0.203343 0.028000 0.200557 0.032000 0.197772 0.032000 0.194986 0.028000 0.175487 0.028000 0.169916 0.036000 0.169916 0.040000 0.172702 0.044000 0.172702 0.048000 0.172702 0.044000 0.175487 0.040000 0.178273 0.040000 0.181058 0.044000 0.183844 0.044000 0.186630 0.048000 0.186630 0.052000 0.183844 0.056000 0.175487 0.056000 0.167131 0.068000 0.167131 0.072000 0.164345 0.076000 0.164345 0.116000 0.167131 0.116000 0.172702 0.124000 0.175487 0.124000 0.181058 0.132000 0.183844 0.132000 0.194986 0.148000 0.200557 0.148000 0.206128 0.140000 0.208914 0.140000 0.214485 0.132000 0.217270 0.132000 0.220056 0.128000 0.222841 0.128000 0.225627 0.124000 0.233983 0.124000 0.236769 0.128000 0.239554 0.124000 0.242340 0.124000 0.242340 0.120000 0.245125 0.116000 0.245125 0.112000 0.247911 0.108000 0.250696 0.108000 0.250696 0.076000 0.247911 0.072000 0.247911 0.068000 0.242340 0.060000 0.242340 0.056000 0.245125 0.052000 0.245125 0.048000 0.242340 0.044000
