1 0.479620 0.377551 0.464674 0.389796 0.451087 0.410204 0.449728 0.410204 0.442935 0.428571 0.442935 0.434694 0.440217 0.444898 0.438859 0.473469 0.440217 0.475510 0.440217 0.485714 0.444293 0.497959 0.444293 0.502041 0.448370 0.510204 0.453804 0.528571 0.459239 0.538776 0.464674 0.540816 0.468750 0.544898 0.471467 0.544898 0.485054 0.557143 0.517663 0.557143 0.519022 0.555102 0.527174 0.553061 0.542120 0.532653 0.544837 0.524490 0.544837 0.520408 0.547554 0.514286 0.547554 0.510204 0.551630 0.500000 0.552989 0.487755 0.554348 0.485714 0.554348 0.463265 0.552989 0.461224 0.551630 0.442857 0.548913 0.436735 0.544837 0.414286 0.532609 0.393878 0.521739 0.385714 0.514946 0.383673 0.508152 0.377551 0.505435 0.377551 0.500000 0.373469 0.493207 0.373469 0.491848 0.375510
1 0.557065 0.689796 0.546196 0.708163 0.546196 0.712245 0.542120 0.720408 0.542120 0.724490 0.539402 0.730612 0.538043 0.746939 0.535326 0.755102 0.535326 0.765306 0.533967 0.767347 0.533967 0.791837 0.535326 0.793878 0.535326 0.800000 0.538043 0.812245 0.547554 0.838776 0.552989 0.844898 0.554348 0.848980 0.565217 0.861224 0.578804 0.871429 0.586957 0.873469 0.588315 0.875510 0.607337 0.875510 0.608696 0.873469 0.618207 0.871429 0.622283 0.867347 0.626359 0.867347 0.634511 0.859184 0.645380 0.842857 0.657609 0.814286 0.658967 0.800000 0.660326 0.797959 0.660326 0.787755 0.661685 0.785714 0.661685 0.769388 0.660326 0.767347 0.660326 0.759184 0.656250 0.746939 0.656250 0.742857 0.652174 0.732653 0.637228 0.708163 0.637228 0.706122 0.622283 0.685714 0.611413 0.683673 0.610054 0.681633 0.603261 0.681633 0.601902 0.679592 0.595109 0.679592 0.593750 0.677551 0.586957 0.677551 0.585598 0.675510 0.576087 0.675510
1 0.850543 0.697959 0.836957 0.718367 0.834239 0.726531 0.834239 0.730612 0.831522 0.738776 0.831522 0.746939 0.830163 0.748980 0.830163 0.779592 0.831522 0.781633 0.831522 0.789796 0.832880 0.791837 0.834239 0.802041 0.838315 0.814286 0.841033 0.818367 0.841033 0.820408 0.853261 0.836735 0.866848 0.846939 0.870924 0.846939 0.872283 0.848980 0.880435 0.848980 0.881793 0.851020 0.898098 0.851020 0.899457 0.848980 0.903533 0.848980 0.913043 0.842857 0.922554 0.828571 0.922554 0.826531 0.927989 0.816327 0.933424 0.800000 0.933424 0.793878 0.936141 0.787755 0.936141 0.781633 0.937500 0.779592 0.937500 0.755102 0.936141 0.753061 0.934783 0.740816 0.930707 0.728571 0.927989 0.724490 0.927989 0.722449 0.917120 0.708163 0.895380 0.691837 0.891304 0.691837 0.889946 0.689796 0.879076 0.689796 0.877717 0.687755 0.869565 0.687755 0.868207 0.689796 0.862772 0.689796 0.861413 0.691837 0.858696 0.691837
1 0.672554 0.263265 0.652174 0.263265 0.650815 0.265306 0.641304 0.267347 0.633152 0.275510 0.627717 0.277551 0.616848 0.289796 0.604620 0.308163 0.596467 0.326531 0.596467 0.332653 0.593750 0.340816 0.593750 0.348980 0.592391 0.351020 0.592391 0.373469 0.593750 0.375510 0.593750 0.385714 0.599185 0.408163 0.604620 0.420408 0.615489 0.434694 0.629076 0.444898 0.631793 0.448980 0.634511 0.448980 0.642663 0.455102 0.653533 0.455102 0.654891 0.457143 0.665761 0.455102 0.667120 0.453061 0.675272 0.451020 0.688859 0.440816 0.703804 0.418367 0.714674 0.385714 0.716033 0.359184 0.717391 0.357143 0.717391 0.328571 0.711957 0.308163 0.706522 0.295918 0.697011 0.281633 0.691576 0.277551 0.687500 0.271429
1 0.457880 0.540816 0.456522 0.542857 0.453804 0.542857 0.452446 0.544898 0.451087 0.544898 0.449728 0.546939 0.448370 0.546939 0.447011 0.548980 0.445652 0.548980 0.436141 0.563265 0.436141 0.565306 0.434783 0.567347 0.434783 0.585714 0.436141 0.587755 0.436141 0.600000 0.437500 0.602041 0.437500 0.606122 0.438859 0.608163 0.438859 0.612245 0.441576 0.616327 0.441576 0.618367 0.445652 0.624490 0.445652 0.626531 0.447011 0.628571 0.448370 0.628571 0.451087 0.632653 0.453804 0.632653 0.455163 0.634694 0.467391 0.634694 0.468750 0.632653 0.471467 0.632653 0.472826 0.630612 0.475543 0.630612 0.482337 0.620408 0.482337 0.618367 0.483696 0.616327 0.483696 0.614286 0.485054 0.612245 0.485054 0.610204 0.487772 0.604082 0.487772 0.597959 0.489130 0.595918 0.489130 0.573469 0.487772 0.571429 0.487772 0.567347 0.486413 0.565306 0.486413 0.563265 0.479620 0.553061 0.478261 0.553061 0.476902 0.551020 0.475543 0.551020 0.474185 0.548980 0.472826 0.548980 0.468750 0.544898 0.466033 0.544898 0.464674 0.542857 0.460598 0.542857 0.459239 0.540816
1 0.536685 0.646939 0.529891 0.646939 0.528533 0.648980 0.525815 0.648980 0.524457 0.651020 0.523098 0.651020 0.521739 0.653061 0.520380 0.653061 0.519022 0.655102 0.514946 0.657143 0.508152 0.667347 0.508152 0.669388 0.506793 0.671429 0.506793 0.673469 0.505435 0.675510 0.505435 0.677551 0.501359 0.687755 0.501359 0.691837 0.498641 0.697959 0.498641 0.704082 0.497283 0.706122 0.497283 0.712245 0.495924 0.714286 0.495924 0.718367 0.494565 0.720408 0.494565 0.726531 0.493207 0.728571 0.493207 0.736735 0.491848 0.738776 0.491848 0.751020 0.493207 0.753061 0.493207 0.757143 0.500000 0.767347 0.502717 0.767347 0.506793 0.771429 0.509511 0.771429 0.510870 0.773469 0.513587 0.773469 0.514946 0.775510 0.520380 0.775510 0.521739 0.777551 0.527174 0.777551 0.531250 0.773469 0.531250 0.771429 0.532609 0.769388 0.532609 0.765306 0.533967 0.763265 0.533967 0.755102 0.535326 0.753061 0.535326 0.746939 0.536685 0.744898 0.536685 0.736735 0.538043 0.734694 0.538043 0.730612 0.539402 0.728571 0.539402 0.726531 0.540761 0.724490 0.540761 0.720408 0.542120 0.718367 0.542120 0.716327 0.544837 0.712245 0.544837 0.710204 0.546196 0.708163 0.546196 0.704082 0.548913 0.697959 0.548913 0.683673 0.550272 0.681633 0.550272 0.675510 0.548913 0.673469 0.548913 0.665306 0.547554 0.663265 0.546196 0.657143 0.542120 0.651020 0.540761 0.651020
1 0.546196 0.569388 0.544837 0.569388 0.540761 0.563265 0.539402 0.563265 0.536685 0.559184 0.535326 0.559184 0.533967 0.557143 0.525815 0.557143 0.524457 0.559184 0.520380 0.559184 0.519022 0.561224 0.516304 0.561224 0.514946 0.563265 0.513587 0.563265 0.510870 0.567347 0.509511 0.567347 0.500000 0.581633 0.500000 0.583673 0.493207 0.593878 0.493207 0.595918 0.490489 0.600000 0.490489 0.602041 0.489130 0.604082 0.489130 0.606122 0.486413 0.612245 0.486413 0.616327 0.485054 0.618367 0.485054 0.622449 0.483696 0.624490 0.483696 0.640816 0.485054 0.642857 0.485054 0.646939 0.486413 0.648980 0.486413 0.651020 0.489130 0.655102 0.490489 0.655102 0.494565 0.659184 0.508152 0.659184 0.509511 0.657143 0.512228 0.657143 0.513587 0.655102 0.516304 0.655102 0.517663 0.653061 0.519022 0.653061 0.520380 0.651020 0.521739 0.651020 0.523098 0.648980 0.527174 0.646939 0.531250 0.640816 0.532609 0.640816 0.539402 0.630612 0.539402 0.628571 0.544837 0.620408 0.546196 0.620408 0.546196 0.618367 0.547554 0.616327 0.548913 0.616327 0.548913 0.614286 0.551630 0.608163 0.551630 0.579592 0.546196 0.571429
1 0.595109 0.512245 0.591033 0.516327 0.586957 0.516327 0.584239 0.520408 0.580163 0.522449 0.566576 0.542857 0.566576 0.544898 0.561141 0.555102 0.557065 0.567347 0.557065 0.571429 0.554348 0.577551 0.554348 0.585714 0.552989 0.587755 0.552989 0.610204 0.554348 0.612245 0.555707 0.626531 0.563859 0.651020 0.576087 0.667347 0.581522 0.669388 0.582880 0.671429 0.585598 0.671429 0.586957 0.673469 0.593750 0.673469 0.595109 0.675510 0.599185 0.675510 0.600543 0.677551 0.626359 0.679592 0.630435 0.675510 0.633152 0.675510 0.641304 0.665306 0.642663 0.665306 0.648098 0.657143 0.649457 0.657143 0.657609 0.642857 0.660326 0.634694 0.660326 0.628571 0.661685 0.626531 0.661685 0.610204 0.663043 0.608163 0.663043 0.581633 0.661685 0.579592 0.661685 0.569388 0.653533 0.548980 0.635870 0.524490 0.626359 0.518367 0.620924 0.512245 0.608696 0.512245 0.607337 0.510204 0.604620 0.512245
1 0.509511 0.893878 0.508152 0.895918 0.506793 0.895918 0.504076 0.900000 0.502717 0.900000 0.500000 0.904082 0.498641 0.904082 0.497283 0.906122 0.497283 0.908163 0.494565 0.914286 0.494565 0.918367 0.493207 0.920408 0.493207 0.948980 0.494565 0.951020 0.494565 0.955102 0.495924 0.957143 0.495924 0.961224 0.497283 0.963265 0.497283 0.965306 0.502717 0.973469 0.502717 0.975510 0.506793 0.981633 0.508152 0.981633 0.509511 0.983673 0.513587 0.983673 0.514946 0.985714 0.523098 0.985714 0.524457 0.983673 0.527174 0.983673 0.528533 0.981633 0.531250 0.981633 0.532609 0.979592 0.533967 0.979592 0.535326 0.977551 0.536685 0.977551 0.544837 0.965306 0.544837 0.963265 0.546196 0.961224 0.546196 0.957143 0.547554 0.955102 0.547554 0.936735 0.546196 0.934694 0.546196 0.930612 0.544837 0.928571 0.544837 0.924490 0.543478 0.922449 0.543478 0.920408 0.540761 0.916327 0.540761 0.914286 0.538043 0.910204 0.538043 0.908163 0.536685 0.906122 0.535326 0.906122 0.531250 0.900000 0.529891 0.900000 0.525815 0.895918 0.523098 0.895918 0.521739 0.893878
1 0.572011 0.965306 0.572011 0.979592 0.570652 0.981633 0.572011 0.985714 0.572011 0.997959 0.695652 0.997959 0.695652 0.987755 0.694293 0.985714 0.694293 0.979592 0.692935 0.977551 0.692935 0.969388 0.690217 0.963265 0.688859 0.953061 0.686141 0.948980 0.683424 0.940816 0.676630 0.930612 0.676630 0.928571 0.661685 0.906122 0.658967 0.904082 0.642663 0.902041 0.641304 0.900000 0.629076 0.900000 0.627717 0.897959 0.623641 0.897959 0.622283 0.900000 0.608696 0.900000 0.607337 0.902041 0.604620 0.902041 0.599185 0.906122 0.588315 0.918367 0.588315 0.920408 0.584239 0.926531 0.581522 0.934694 0.577446 0.940816 0.577446 0.944898 0.574728 0.951020 0.573370 0.963265
1 0.737772 0.824490 0.726902 0.842857 0.720109 0.867347 0.720109 0.906122 0.721467 0.908163 0.721467 0.920408 0.728261 0.942857 0.733696 0.953061 0.735054 0.959184 0.750000 0.973469 0.751359 0.977551 0.773098 0.997959 0.809783 0.997959 0.812500 0.993878 0.815217 0.993878 0.828804 0.983673 0.843750 0.959184 0.843750 0.955102 0.846467 0.948980 0.847826 0.934694 0.849185 0.932653 0.849185 0.900000 0.847826 0.897959 0.845109 0.871429 0.834239 0.844898 0.815217 0.822449 0.811141 0.820408 0.800272 0.808163 0.789402 0.802041 0.774457 0.802041 0.773098 0.804082 0.769022 0.804082
1 0.847826 0.863265 0.847826 0.881633 0.849185 0.883673 0.849185 0.893878 0.850543 0.895918 0.850543 0.916327 0.851902 0.918367 0.851902 0.926531 0.854620 0.930612 0.855978 0.930612 0.865489 0.938776 0.868207 0.938776 0.869565 0.940816 0.872283 0.940816 0.876359 0.944898 0.879076 0.944898 0.880435 0.946939 0.883152 0.946939 0.884511 0.948980 0.894022 0.948980 0.895380 0.951020 0.898098 0.951020 0.899457 0.953061 0.899457 0.959184 0.900815 0.961224 0.904891 0.961224 0.904891 0.959184 0.907609 0.955102 0.904891 0.951020 0.904891 0.948980 0.906250 0.946939 0.910326 0.946939 0.911685 0.948980 0.915761 0.944898 0.918478 0.948980 0.919837 0.948980 0.919837 0.946939 0.922554 0.942857 0.922554 0.918367 0.921196 0.916327 0.921196 0.914286 0.919837 0.912245 0.917120 0.902041 0.914402 0.897959 0.913043 0.891837 0.907609 0.883673 0.906250 0.883673 0.904891 0.881633 0.903533 0.881633 0.902174 0.879592 0.900815 0.879592 0.891304 0.871429 0.887228 0.871429 0.885870 0.869388 0.883152 0.869388 0.881793 0.867347 0.879076 0.867347 0.872283 0.861224 0.869565 0.861224 0.868207 0.859184 0.865489 0.859184 0.864130 0.857143 0.854620 0.857143 0.853261 0.859184 0.850543 0.859184
1 0.865489 0.348980 0.860054 0.340816 0.853261 0.336735 0.839674 0.336735 0.835598 0.340816 0.832880 0.340816 0.820652 0.353061 0.813859 0.365306 0.811141 0.375510 0.802989 0.393878 0.800272 0.391837 0.798913 0.379592 0.794837 0.367347 0.789402 0.359184 0.781250 0.357143 0.779891 0.355102 0.767663 0.359184 0.756793 0.377551 0.751359 0.393878 0.750000 0.408163 0.747283 0.414286 0.747283 0.434694 0.748641 0.436735 0.748641 0.442857 0.754076 0.453061 0.759511 0.457143 0.764946 0.455102 0.766304 0.457143 0.775815 0.457143 0.778533 0.461224 0.783967 0.461224 0.792120 0.457143 0.796196 0.451020 0.802989 0.422449 0.807065 0.422449 0.808424 0.424490 0.819293 0.424490 0.824728 0.430612 0.824728 0.432653 0.820652 0.436735 0.820652 0.444898 0.817935 0.448980 0.813859 0.448980 0.813859 0.453061 0.816576 0.455102 0.822011 0.455102 0.824728 0.446939 0.827446 0.448980 0.831522 0.446939 0.834239 0.448980 0.843750 0.448980 0.851902 0.442857 0.861413 0.426531 0.869565 0.400000 0.869565 0.391837 0.870924 0.389796 0.870924 0.369388
1 0.767663 0.495918 0.751359 0.495918 0.741848 0.504082 0.737772 0.512245 0.735054 0.540816 0.732337 0.548980 0.735054 0.559184 0.733696 0.563265 0.718750 0.575510 0.709239 0.593878 0.707880 0.630612 0.710598 0.642857 0.714674 0.648980 0.714674 0.655102 0.711957 0.657143 0.709239 0.653061 0.702446 0.653061 0.691576 0.665306 0.686141 0.700000 0.688859 0.732653 0.701087 0.755102 0.702446 0.769388 0.707880 0.769388 0.710598 0.759184 0.714674 0.755102 0.720109 0.757143 0.722826 0.763265 0.733696 0.767347 0.733696 0.781633 0.728261 0.787755 0.725543 0.783673 0.728261 0.779592 0.726902 0.777551 0.722826 0.783673 0.725543 0.789796 0.718750 0.802041 0.720109 0.804082 0.724185 0.797959 0.726902 0.802041 0.736413 0.802041 0.743207 0.785714 0.755435 0.767347 0.767663 0.769388 0.778533 0.763265 0.782609 0.767347 0.793478 0.740816 0.798913 0.742857 0.805707 0.732653 0.819293 0.728571 0.830163 0.708163 0.832880 0.679592 0.826087 0.667347 0.824728 0.657143 0.808424 0.640816 0.809783 0.634694 0.817935 0.632653 0.827446 0.614286 0.828804 0.593878 0.826087 0.587755 0.824728 0.571429 0.819293 0.557143 0.809783 0.551020 0.800272 0.553061 0.794837 0.548980 0.790761 0.555102 0.788043 0.551020 0.788043 0.524490 0.782609 0.508163
1 0.561141 0.393878 0.559783 0.395918 0.558424 0.395918 0.554348 0.402041 0.554348 0.404082 0.551630 0.408163 0.551630 0.414286 0.550272 0.416327 0.550272 0.430612 0.551630 0.432653 0.551630 0.436735 0.552989 0.438776 0.552989 0.444898 0.554348 0.446939 0.554348 0.453061 0.555707 0.455102 0.555707 0.463265 0.557065 0.465306 0.557065 0.469388 0.555707 0.471429 0.557065 0.473469 0.557065 0.491837 0.558424 0.493878 0.558424 0.500000 0.559783 0.502041 0.559783 0.504082 0.565217 0.512245 0.566576 0.512245 0.567935 0.514286 0.577446 0.514286 0.578804 0.512245 0.582880 0.514286 0.585598 0.510204 0.589674 0.510204 0.591033 0.508163 0.592391 0.508163 0.593750 0.506122 0.597826 0.504082 0.603261 0.493878 0.603261 0.477551 0.601902 0.475510 0.601902 0.461224 0.600543 0.459184 0.600543 0.448980 0.599185 0.446939 0.599185 0.436735 0.597826 0.434694 0.597826 0.430612 0.596467 0.428571 0.596467 0.424490 0.595109 0.422449 0.595109 0.418367 0.589674 0.410204 0.589674 0.408163 0.581522 0.395918 0.580163 0.395918 0.578804 0.393878 0.576087 0.393878 0.574728 0.391837 0.569293 0.391837 0.567935 0.393878
1 0.641304 0.459184 0.630435 0.471429 0.625000 0.483673 0.620924 0.502041 0.622283 0.512245 0.626359 0.518367 0.637228 0.526531 0.657609 0.551020 0.657609 0.559184 0.661685 0.565306 0.664402 0.583673 0.663043 0.618367 0.661685 0.620408 0.663043 0.640816 0.656250 0.648980 0.656250 0.653061 0.653533 0.657143 0.646739 0.661224 0.637228 0.673469 0.634511 0.685714 0.637228 0.695918 0.646739 0.712245 0.653533 0.718367 0.668478 0.718367 0.676630 0.714286 0.684783 0.702041 0.687500 0.671429 0.684783 0.655102 0.680707 0.648980 0.683424 0.644898 0.692935 0.642857 0.698370 0.638776 0.703804 0.630612 0.707880 0.608163 0.707880 0.591837 0.709239 0.589796 0.707880 0.577551 0.710598 0.573469 0.716033 0.573469 0.730978 0.555102 0.733696 0.536735 0.733696 0.516327 0.729620 0.502041 0.720109 0.489796 0.701087 0.487755 0.691576 0.495918 0.684783 0.497959 0.669837 0.469388 0.653533 0.459184
1 0.707880 0.289796 0.706522 0.291837 0.706522 0.295918 0.710598 0.304082 0.716033 0.320408 0.716033 0.326531 0.717391 0.328571 0.717391 0.342857 0.718750 0.344898 0.718750 0.351020 0.717391 0.353061 0.717391 0.363265 0.716033 0.365306 0.716033 0.391837 0.720109 0.397959 0.720109 0.400000 0.729620 0.414286 0.732337 0.416327 0.737772 0.416327 0.739130 0.418367 0.744565 0.418367 0.745924 0.420408 0.745924 0.424490 0.747283 0.426531 0.747283 0.436735 0.751359 0.448980 0.754076 0.448980 0.755435 0.451020 0.764946 0.451020 0.766304 0.453061 0.769022 0.453061 0.770380 0.455102 0.775815 0.455102 0.777174 0.457143 0.788043 0.457143 0.790761 0.455102 0.794837 0.448980 0.794837 0.444898 0.798913 0.434694 0.798913 0.426531 0.800272 0.424490 0.800272 0.391837 0.798913 0.389796 0.798913 0.379592 0.796196 0.371429 0.790761 0.363265 0.790761 0.361224 0.782609 0.355102 0.779891 0.355102 0.778533 0.357143 0.777174 0.355102 0.774457 0.355102 0.770380 0.359184 0.767663 0.357143 0.764946 0.353061 0.763587 0.346939 0.751359 0.326531 0.747283 0.316327 0.741848 0.308163 0.736413 0.304082 0.732337 0.297959 0.726902 0.295918 0.725543 0.293878 0.721467 0.293878 0.720109 0.291837 0.711957 0.291837 0.710598 0.289796
