1 0.735714 0.074286 0.735714 0.094286 0.731429 0.111429 0.718571 0.128571 0.705714 0.151429 0.700000 0.157143 0.685714 0.160000 0.680000 0.165714 0.668571 0.165714 0.664286 0.171429 0.664286 0.180000 0.665714 0.182857 0.665714 0.191429 0.668571 0.197143 0.670000 0.217143 0.674286 0.234286 0.684286 0.242857 0.698571 0.265714 0.700000 0.277143 0.715714 0.328571 0.720000 0.351429 0.730000 0.371429 0.740000 0.377143 0.745714 0.377143 0.747143 0.380000 0.761429 0.380000 0.777143 0.365714 0.780000 0.365714 0.788571 0.354286 0.794286 0.334286 0.804286 0.311429 0.807143 0.291429 0.810000 0.282857 0.810000 0.271429 0.812857 0.254286 0.812857 0.208571 0.814286 0.205714 0.811429 0.191429 0.811429 0.180000 0.802857 0.148571 0.788571 0.117143 0.777143 0.100000 0.762857 0.085714 0.760000 0.085714 0.744286 0.071429
1 0.884286 0.225714 0.880000 0.228571 0.877143 0.237143 0.877143 0.245714 0.875714 0.248571 0.878571 0.265714 0.877143 0.274286 0.858571 0.305714 0.840000 0.320000 0.828571 0.320000 0.824286 0.314286 0.820000 0.314286 0.814286 0.322857 0.807143 0.348571 0.807143 0.374286 0.805714 0.377143 0.807143 0.380000 0.807143 0.394286 0.810000 0.411429 0.815714 0.428571 0.825714 0.448571 0.835714 0.460000 0.840000 0.468571 0.854286 0.482857 0.871429 0.494286 0.875714 0.494286 0.887143 0.505714 0.910000 0.508571 0.914286 0.505714 0.917143 0.500000 0.920000 0.500000 0.928571 0.485714 0.935714 0.480000 0.947143 0.454286 0.952857 0.420000 0.952857 0.362857 0.951429 0.360000 0.951429 0.348571 0.948571 0.331429 0.935714 0.288571 0.921429 0.262857 0.917143 0.260000 0.904286 0.240000 0.888571 0.225714
1 0.782857 0.062857 0.794286 0.082857 0.808571 0.091429 0.815714 0.100000 0.822857 0.100000 0.830000 0.105714 0.857143 0.105714 0.858571 0.108571 0.867143 0.108571 0.880000 0.117143 0.892857 0.117143 0.894286 0.120000 0.904286 0.122857 0.910000 0.131429 0.917143 0.131429 0.918571 0.134286 0.924286 0.131429 0.925714 0.111429 0.927143 0.108571 0.927143 0.080000 0.925714 0.077143 0.924286 0.054286 0.918571 0.034286 0.915714 0.017143 0.908571 0.000000 0.842857 0.000000 0.842857 0.008571 0.845714 0.014286 0.857143 0.022857 0.861429 0.022857 0.864286 0.028571 0.868571 0.031429 0.872857 0.031429 0.877143 0.042857 0.881429 0.048571 0.880000 0.054286 0.877143 0.051429 0.871429 0.051429 0.870000 0.048571 0.852857 0.048571 0.851429 0.045714 0.840000 0.045714 0.838571 0.042857 0.822857 0.042857 0.821429 0.045714 0.812857 0.045714 0.811429 0.048571 0.790000 0.042857 0.785714 0.051429
1 0.071429 0.000000 0.058571 0.048571 0.058571 0.057143 0.055714 0.068571 0.054286 0.100000 0.052857 0.102857 0.052857 0.122857 0.051429 0.125714 0.052857 0.137143 0.052857 0.168571 0.057143 0.202857 0.064286 0.231429 0.064286 0.237143 0.067143 0.242857 0.070000 0.257143 0.077143 0.268571 0.100000 0.268571 0.101429 0.271429 0.108571 0.268571 0.118571 0.280000 0.127143 0.282857 0.127143 0.277143 0.132857 0.268571 0.134286 0.257143 0.138571 0.260000 0.140000 0.268571 0.144286 0.274286 0.142857 0.282857 0.145714 0.282857 0.150000 0.288571 0.151429 0.285714 0.150000 0.277143 0.155714 0.265714 0.167143 0.222857 0.174286 0.208571 0.175714 0.200000 0.184286 0.185714 0.188571 0.191429 0.188571 0.185714 0.197143 0.165714 0.197143 0.160000 0.191429 0.148571 0.180000 0.134286 0.158571 0.091429 0.148571 0.051429 0.145714 0.034286 0.147143 0.022857 0.140000 0.000000
1 0.564286 0.637143 0.561429 0.637143 0.560000 0.651429 0.555714 0.640000 0.542857 0.654286 0.534286 0.654286 0.518571 0.665714 0.510000 0.677143 0.495714 0.688571 0.485714 0.720000 0.485714 0.725714 0.464286 0.785714 0.464286 0.791429 0.458571 0.808571 0.461429 0.848571 0.465714 0.871429 0.475714 0.905714 0.484286 0.922857 0.498571 0.937143 0.504286 0.948571 0.515714 0.960000 0.520000 0.968571 0.535714 0.977143 0.538571 0.974286 0.568571 0.974286 0.582857 0.960000 0.594286 0.940000 0.604286 0.902857 0.605714 0.882857 0.612857 0.874286 0.622857 0.871429 0.627143 0.851429 0.627143 0.828571 0.628571 0.825714 0.627143 0.777143 0.621429 0.748571 0.611429 0.722857 0.615714 0.714286 0.617143 0.702857 0.622857 0.702857 0.625714 0.697143 0.620000 0.691429 0.595714 0.697143 0.584286 0.682857 0.571429 0.657143
1 0.580000 0.282857 0.555714 0.282857 0.544286 0.288571 0.517143 0.317143 0.501429 0.348571 0.491429 0.385714 0.485714 0.420000 0.487143 0.480000 0.488571 0.482857 0.490000 0.508571 0.498571 0.548571 0.508571 0.568571 0.525714 0.588571 0.532857 0.591429 0.544286 0.602857 0.557143 0.605714 0.558571 0.608571 0.562857 0.605714 0.577143 0.605714 0.601429 0.591429 0.610000 0.582857 0.624286 0.554286 0.631429 0.534286 0.642857 0.491429 0.647143 0.457143 0.645714 0.405714 0.641429 0.380000 0.632857 0.348571 0.612857 0.311429 0.591429 0.288571
1 0.535714 0.065714 0.530000 0.060000 0.525714 0.060000 0.518571 0.054286 0.511429 0.054286 0.510000 0.051429 0.485714 0.051429 0.484286 0.054286 0.480000 0.054286 0.471429 0.062857 0.468571 0.062857 0.454286 0.080000 0.447143 0.091429 0.435714 0.117143 0.427143 0.157143 0.425714 0.177143 0.422857 0.188571 0.422857 0.217143 0.421429 0.220000 0.422857 0.222857 0.422857 0.240000 0.424286 0.242857 0.424286 0.251429 0.432857 0.282857 0.437143 0.291429 0.441429 0.294286 0.457143 0.322857 0.465714 0.331429 0.471429 0.331429 0.472857 0.328571 0.475714 0.331429 0.487143 0.331429 0.488571 0.328571 0.497143 0.328571 0.502857 0.322857 0.507143 0.322857 0.508571 0.317143 0.512857 0.314286 0.522857 0.300000 0.528571 0.297143 0.537143 0.285714 0.551429 0.277143 0.564286 0.257143 0.565714 0.242857 0.568571 0.234286 0.570000 0.208571 0.571429 0.205714 0.571429 0.174286 0.568571 0.162857 0.568571 0.154286 0.560000 0.117143 0.550000 0.091429
1 0.722857 0.565714 0.702857 0.557143 0.700000 0.551429 0.697143 0.551429 0.685714 0.540000 0.665714 0.540000 0.658571 0.548571 0.652857 0.548571 0.634286 0.560000 0.618571 0.588571 0.618571 0.594286 0.614286 0.602857 0.611429 0.620000 0.608571 0.625714 0.608571 0.637143 0.607143 0.640000 0.607143 0.668571 0.608571 0.674286 0.612857 0.677143 0.614286 0.682857 0.618571 0.680000 0.621429 0.685714 0.624286 0.685714 0.628571 0.694286 0.628571 0.700000 0.621429 0.714286 0.620000 0.728571 0.630000 0.771429 0.630000 0.782857 0.632857 0.791429 0.634286 0.811429 0.638571 0.820000 0.641429 0.820000 0.644286 0.825714 0.648571 0.828571 0.652857 0.828571 0.680000 0.785714 0.684286 0.782857 0.724286 0.688571 0.728571 0.657143 0.732857 0.651429 0.738571 0.651429 0.742857 0.645714 0.744286 0.640000 0.742857 0.620000 0.740000 0.608571 0.725714 0.577143
1 0.770000 0.680000 0.770000 0.682857 0.762857 0.694286 0.762857 0.700000 0.755714 0.717143 0.748571 0.748571 0.748571 0.760000 0.747143 0.762857 0.747143 0.817143 0.752857 0.845714 0.775714 0.891429 0.791429 0.934286 0.794286 0.934286 0.797143 0.940000 0.805714 0.945714 0.810000 0.945714 0.811429 0.948571 0.834286 0.948571 0.844286 0.940000 0.850000 0.940000 0.858571 0.934286 0.871429 0.920000 0.881429 0.900000 0.888571 0.880000 0.895714 0.840000 0.895714 0.800000 0.894286 0.797143 0.894286 0.782857 0.891429 0.768571 0.888571 0.765714 0.888571 0.760000 0.881429 0.748571 0.874286 0.731429 0.872857 0.722857 0.867143 0.714286 0.864286 0.705714 0.854286 0.697143 0.848571 0.682857 0.844286 0.682857 0.838571 0.691429 0.831429 0.691429 0.828571 0.688571 0.827143 0.682857 0.822857 0.680000 0.821429 0.674286 0.818571 0.674286 0.810000 0.662857 0.804286 0.662857 0.802857 0.660000 0.785714 0.662857
1 0.575714 0.202857 0.574286 0.225714 0.567143 0.260000 0.567143 0.271429 0.594286 0.285714 0.610000 0.302857 0.624286 0.325714 0.637143 0.357143 0.645714 0.391429 0.650000 0.442857 0.650000 0.468571 0.648571 0.471429 0.654286 0.480000 0.658571 0.465714 0.662857 0.465714 0.668571 0.480000 0.671429 0.480000 0.672857 0.474286 0.677143 0.480000 0.674286 0.471429 0.681429 0.460000 0.684286 0.482857 0.688571 0.494286 0.681429 0.502857 0.680000 0.514286 0.674286 0.514286 0.672857 0.520000 0.688571 0.508571 0.704286 0.477143 0.720000 0.414286 0.720000 0.377143 0.721429 0.374286 0.721429 0.362857 0.715714 0.337143 0.697143 0.282857 0.697143 0.274286 0.692857 0.260000 0.687143 0.251429 0.677143 0.248571 0.670000 0.237143 0.668571 0.211429 0.660000 0.188571 0.637143 0.188571 0.627143 0.197143 0.617143 0.197143 0.615714 0.200000 0.598571 0.200000 0.597143 0.202857 0.581429 0.200000
1 0.538571 0.054286 0.538571 0.065714 0.540000 0.065714 0.541429 0.071429 0.545714 0.077143 0.545714 0.080000 0.552857 0.094286 0.552857 0.097143 0.557143 0.105714 0.557143 0.108571 0.562857 0.122857 0.568571 0.145714 0.568571 0.151429 0.571429 0.160000 0.572857 0.188571 0.575714 0.200000 0.588571 0.200000 0.590000 0.202857 0.592857 0.200000 0.618571 0.200000 0.624286 0.194286 0.635714 0.191429 0.637143 0.188571 0.642857 0.188571 0.644286 0.185714 0.651429 0.185714 0.657143 0.180000 0.657143 0.165714 0.655714 0.162857 0.655714 0.154286 0.652857 0.142857 0.650000 0.137143 0.647143 0.125714 0.647143 0.120000 0.645714 0.117143 0.645714 0.108571 0.647143 0.102857 0.645714 0.100000 0.645714 0.080000 0.644286 0.077143 0.644286 0.068571 0.642857 0.062857 0.640000 0.057143 0.638571 0.048571 0.617143 0.008571 0.612857 0.005714 0.611429 0.000000 0.581429 0.000000 0.580000 0.005714 0.572857 0.011429 0.564286 0.028571 0.555714 0.031429 0.552857 0.037143 0.547143 0.040000
1 0.977143 0.474286 0.960000 0.474286 0.958571 0.477143 0.954286 0.474286 0.952857 0.477143 0.945714 0.477143 0.927143 0.491429 0.910000 0.520000 0.905714 0.522857 0.900000 0.534286 0.900000 0.540000 0.895714 0.548571 0.891429 0.548571 0.880000 0.591429 0.880000 0.634286 0.881429 0.637143 0.881429 0.654286 0.884286 0.662857 0.885714 0.682857 0.890000 0.688571 0.891429 0.702857 0.897143 0.720000 0.907143 0.737143 0.922857 0.757143 0.941429 0.768571 0.958571 0.768571 0.960000 0.771429 0.964286 0.771429 0.965714 0.768571 0.972857 0.768571 0.981429 0.762857 0.998571 0.745714 0.998571 0.485714 0.991429 0.482857 0.987143 0.477143 0.978571 0.477143
1 0.072857 0.274286 0.071429 0.277143 0.065714 0.277143 0.048571 0.291429 0.035714 0.311429 0.024286 0.340000 0.014286 0.382857 0.014286 0.400000 0.012857 0.402857 0.012857 0.454286 0.014286 0.457143 0.015714 0.477143 0.021429 0.502857 0.028571 0.525714 0.041429 0.551429 0.064286 0.580000 0.077143 0.582857 0.078571 0.585714 0.091429 0.585714 0.094286 0.568571 0.095714 0.528571 0.097143 0.525714 0.098571 0.502857 0.101429 0.494286 0.102857 0.477143 0.110000 0.448571 0.110000 0.442857 0.114286 0.431429 0.117143 0.411429 0.124286 0.385714 0.130000 0.351429 0.135714 0.331429 0.142857 0.314286 0.140000 0.305714 0.111429 0.280000 0.105714 0.280000 0.097143 0.274286
1 0.055714 0.600000 0.044286 0.620000 0.032857 0.654286 0.027143 0.682857 0.025714 0.711429 0.024286 0.714286 0.024286 0.762857 0.025714 0.765714 0.027143 0.791429 0.041429 0.840000 0.058571 0.871429 0.072857 0.885714 0.077143 0.885714 0.082857 0.891429 0.091429 0.891429 0.094286 0.885714 0.094286 0.880000 0.107143 0.862857 0.110000 0.854286 0.112857 0.854286 0.122857 0.842857 0.127143 0.851429 0.125714 0.868571 0.130000 0.871429 0.141429 0.871429 0.148571 0.862857 0.152857 0.862857 0.151429 0.848571 0.150000 0.845714 0.145714 0.845714 0.137143 0.817143 0.131429 0.808571 0.121429 0.768571 0.108571 0.728571 0.107143 0.714286 0.102857 0.700000 0.102857 0.694286 0.095714 0.662857 0.094286 0.640000 0.092857 0.637143 0.091429 0.602857 0.084286 0.594286 0.071429 0.591429 0.070000 0.588571 0.062857 0.591429
1 0.255714 0.157143 0.197143 0.205714 0.181429 0.237143 0.170000 0.285714 0.147143 0.314286 0.134286 0.342857 0.102857 0.488571 0.095714 0.557143 0.095714 0.642857 0.110000 0.725714 0.127143 0.782857 0.155714 0.854286 0.187143 0.902857 0.247143 0.942857 0.301429 0.951429 0.332857 0.945714 0.404286 0.882857 0.442857 0.822857 0.475714 0.742857 0.488571 0.697143 0.500000 0.620000 0.497143 0.568571 0.485714 0.502857 0.478571 0.405714 0.467143 0.360000 0.447143 0.314286 0.430000 0.291429 0.408571 0.280000 0.397143 0.237143 0.358571 0.174286 0.344286 0.165714 0.300000 0.168571 0.284286 0.157143
1 0.347143 0.031429 0.341429 0.042857 0.335714 0.048571 0.337143 0.065714 0.342857 0.068571 0.354286 0.082857 0.358571 0.091429 0.365714 0.091429 0.367143 0.097143 0.370000 0.097143 0.370000 0.094286 0.372857 0.091429 0.380000 0.111429 0.384286 0.111429 0.395714 0.097143 0.402857 0.097143 0.405714 0.102857 0.405714 0.108571 0.391429 0.142857 0.391429 0.154286 0.390000 0.157143 0.397143 0.168571 0.398571 0.177143 0.401429 0.182857 0.400000 0.188571 0.395714 0.194286 0.394286 0.191429 0.395714 0.182857 0.391429 0.185714 0.388571 0.182857 0.384286 0.171429 0.380000 0.177143 0.374286 0.171429 0.368571 0.171429 0.368571 0.174286 0.371429 0.180000 0.374286 0.180000 0.377143 0.185714 0.377143 0.191429 0.391429 0.211429 0.407143 0.245714 0.412857 0.242857 0.418571 0.228571 0.418571 0.205714 0.421429 0.194286 0.424286 0.160000 0.432857 0.122857 0.432857 0.105714 0.427143 0.082857 0.421429 0.065714 0.407143 0.037143 0.404286 0.037143 0.400000 0.028571 0.394286 0.022857 0.390000 0.022857 0.388571 0.020000 0.377143 0.020000 0.375714 0.022857 0.370000 0.017143 0.365714 0.017143 0.354286 0.028571
1 0.720000 0.434286 0.720000 0.442857 0.722857 0.445714 0.740000 0.482857 0.741429 0.488571 0.741429 0.497143 0.742857 0.500000 0.742857 0.508571 0.745714 0.514286 0.747143 0.520000 0.747143 0.528571 0.750000 0.534286 0.750000 0.540000 0.751429 0.542857 0.754286 0.542857 0.755714 0.528571 0.758571 0.522857 0.760000 0.522857 0.765714 0.534286 0.765714 0.540000 0.772857 0.551429 0.782857 0.548571 0.780000 0.545714 0.780000 0.540000 0.785714 0.528571 0.794286 0.520000 0.795714 0.522857 0.795714 0.540000 0.792857 0.551429 0.790000 0.557143 0.788571 0.557143 0.790000 0.562857 0.792857 0.562857 0.797143 0.554286 0.802857 0.548571 0.812857 0.565714 0.814286 0.565714 0.814286 0.562857 0.810000 0.557143 0.812857 0.551429 0.814286 0.551429 0.812857 0.534286 0.808571 0.522857 0.804286 0.502857 0.801429 0.497143 0.801429 0.494286 0.782857 0.457143 0.781429 0.457143 0.771429 0.440000 0.771429 0.437143 0.768571 0.431429 0.768571 0.422857 0.761429 0.408571 0.762857 0.402857 0.758571 0.402857 0.758571 0.408571 0.747143 0.425714 0.744286 0.425714 0.742857 0.428571 0.722857 0.428571
