1 0.031000 0.307346 0.028000 0.311844 0.026000 0.317841 0.026000 0.320840 0.025000 0.322339 0.025000 0.329835 0.029000 0.340330 0.033000 0.343328 0.035000 0.343328 0.039000 0.347826 0.039000 0.359820 0.040000 0.361319 0.040000 0.364318 0.042000 0.367316 0.046000 0.370315 0.048000 0.370315 0.049000 0.371814 0.053000 0.371814 0.058000 0.379310 0.059000 0.383808 0.064000 0.392804 0.068000 0.395802 0.071000 0.395802 0.072000 0.397301 0.076000 0.397301 0.080000 0.394303 0.081000 0.391304 0.081000 0.376312 0.078000 0.370315 0.078000 0.364318 0.076000 0.358321 0.071000 0.352324 0.074000 0.347826 0.076000 0.347826 0.076000 0.346327 0.073000 0.341829 0.074000 0.338831 0.074000 0.334333 0.076000 0.331334 0.078000 0.332834 0.079000 0.335832 0.079000 0.340330 0.081000 0.343328 0.081000 0.344828 0.082000 0.346327 0.084000 0.344828 0.084000 0.341829 0.085000 0.340330 0.085000 0.331334 0.084000 0.328336 0.081000 0.328336 0.080000 0.329835 0.076000 0.328336 0.075000 0.326837 0.074000 0.317841 0.067000 0.308846 0.066000 0.304348 0.062000 0.298351 0.058000 0.298351 0.057000 0.296852 0.051000 0.298351 0.049000 0.296852 0.041000 0.304348 0.037000 0.304348 0.036000 0.305847 0.033000 0.305847
1 0.046000 0.440780 0.046000 0.442279 0.044000 0.446777 0.044000 0.449775 0.043000 0.451274 0.043000 0.469265 0.046000 0.473763 0.047000 0.473763 0.052000 0.481259 0.052000 0.482759 0.054000 0.482759 0.055000 0.484258 0.058000 0.484258 0.064000 0.491754 0.066000 0.488756 0.068000 0.488756 0.069000 0.487256 0.070000 0.487256 0.070000 0.485757 0.071000 0.484258 0.072000 0.484258 0.077000 0.493253 0.076000 0.494753 0.076000 0.497751 0.075000 0.499250 0.078000 0.503748 0.080000 0.503748 0.082000 0.500750 0.083000 0.500750 0.084000 0.499250 0.084000 0.496252 0.083000 0.494753 0.083000 0.493253 0.084000 0.491754 0.086000 0.491754 0.086000 0.487256 0.088000 0.484258 0.092000 0.484258 0.095000 0.488756 0.098000 0.488756 0.099000 0.487256 0.098000 0.487256 0.097000 0.485757 0.097000 0.484258 0.096000 0.482759 0.096000 0.479760 0.094000 0.475262 0.095000 0.473763 0.095000 0.469265 0.092000 0.473763 0.091000 0.473763 0.089000 0.470765 0.093000 0.464768 0.092000 0.463268 0.092000 0.461769 0.090000 0.458771 0.090000 0.457271 0.086000 0.451274 0.082000 0.451274 0.081000 0.452774 0.079000 0.452774 0.078000 0.451274 0.077000 0.451274 0.074000 0.446777 0.074000 0.443778 0.073000 0.442279 0.073000 0.440780 0.071000 0.437781 0.070000 0.437781 0.069000 0.436282 0.062000 0.436282 0.061000 0.437781 0.058000 0.437781 0.057000 0.436282 0.051000 0.436282 0.050000 0.437781 0.048000 0.437781
1 0.113000 0.505247 0.107000 0.497751 0.102000 0.497751 0.101000 0.499250 0.101000 0.505247 0.099000 0.511244 0.103000 0.515742 0.104000 0.514243 0.107000 0.514243 0.109000 0.517241 0.108000 0.527736 0.107000 0.529235 0.105000 0.529235 0.103000 0.532234 0.100000 0.532234 0.094000 0.524738 0.090000 0.523238 0.087000 0.526237 0.086000 0.535232 0.083000 0.539730 0.082000 0.538231 0.074000 0.538231 0.073000 0.536732 0.073000 0.526237 0.074000 0.524738 0.073000 0.521739 0.073000 0.511244 0.071000 0.509745 0.066000 0.509745 0.065000 0.511244 0.062000 0.511244 0.060000 0.509745 0.058000 0.514243 0.056000 0.514243 0.055000 0.512744 0.055000 0.508246 0.057000 0.505247 0.052000 0.506747 0.048000 0.514243 0.048000 0.530735 0.056000 0.542729 0.057000 0.545727 0.056000 0.548726 0.056000 0.559220 0.059000 0.565217 0.061000 0.565217 0.064000 0.562219 0.067000 0.562219 0.068000 0.560720 0.069000 0.562219 0.073000 0.562219 0.080000 0.572714 0.085000 0.569715 0.086000 0.562219 0.088000 0.557721 0.091000 0.557721 0.091000 0.551724 0.093000 0.548726 0.095000 0.541229 0.097000 0.545727 0.107000 0.545727 0.111000 0.548726 0.112000 0.547226 0.112000 0.533733 0.111000 0.532234 0.111000 0.526237 0.112000 0.524738
1 0.216000 0.352324 0.209000 0.352324 0.208000 0.353823 0.208000 0.365817 0.207000 0.367316 0.207000 0.374813 0.208000 0.376312 0.208000 0.379310 0.209000 0.380810 0.209000 0.382309 0.216000 0.392804 0.216000 0.395802 0.214000 0.398801 0.210000 0.398801 0.209000 0.397301 0.208000 0.397301 0.207000 0.395802 0.206000 0.395802 0.204000 0.392804 0.204000 0.391304 0.203000 0.391304 0.202000 0.389805 0.200000 0.389805 0.197000 0.385307 0.197000 0.383808 0.195000 0.380810 0.194000 0.380810 0.193000 0.379310 0.193000 0.380810 0.192000 0.382309 0.192000 0.385307 0.193000 0.386807 0.193000 0.388306 0.195000 0.391304 0.195000 0.392804 0.196000 0.394303 0.196000 0.395802 0.197000 0.397301 0.198000 0.397301 0.201000 0.401799 0.202000 0.401799 0.205000 0.404798 0.207000 0.404798 0.208000 0.406297 0.209000 0.406297 0.212000 0.401799 0.215000 0.401799 0.218000 0.397301 0.218000 0.395802 0.222000 0.389805 0.222000 0.388306 0.223000 0.386807 0.224000 0.386807 0.224000 0.383808 0.225000 0.382309 0.225000 0.377811 0.226000 0.376312 0.226000 0.365817 0.225000 0.364318 0.225000 0.362819 0.224000 0.361319 0.224000 0.359820 0.222000 0.356822 0.221000 0.356822 0.219000 0.353823 0.217000 0.353823
1 0.133000 0.377811 0.133000 0.383808 0.134000 0.385307 0.134000 0.386807 0.136000 0.389805 0.145000 0.389805 0.146000 0.391304 0.151000 0.391304 0.152000 0.392804 0.153000 0.392804 0.158000 0.400300 0.162000 0.400300 0.166000 0.394303 0.170000 0.394303 0.171000 0.392804 0.172000 0.392804 0.173000 0.391304 0.175000 0.391304 0.176000 0.389805 0.177000 0.389805 0.177000 0.383808 0.176000 0.382309 0.176000 0.380810 0.173000 0.376312 0.172000 0.376312 0.171000 0.374813 0.170000 0.374813 0.168000 0.371814 0.168000 0.370315 0.167000 0.368816 0.166000 0.368816 0.165000 0.367316 0.156000 0.367316 0.154000 0.364318 0.154000 0.362819 0.150000 0.356822 0.140000 0.356822 0.137000 0.361319 0.137000 0.362819 0.136000 0.364318 0.136000 0.365817 0.135000 0.367316 0.135000 0.370315 0.134000 0.371814 0.134000 0.376312
1 0.286000 0.416792 0.286000 0.418291 0.287000 0.418291 0.288000 0.419790 0.288000 0.424288 0.287000 0.425787 0.287000 0.427286 0.286000 0.428786 0.286000 0.431784 0.285000 0.433283 0.285000 0.434783 0.290000 0.442279 0.291000 0.442279 0.292000 0.443778 0.296000 0.443778 0.297000 0.445277 0.300000 0.445277 0.302000 0.448276 0.303000 0.448276 0.304000 0.446777 0.306000 0.446777 0.305000 0.445277 0.305000 0.424288 0.304000 0.422789 0.304000 0.421289 0.302000 0.418291 0.301000 0.418291 0.298000 0.413793 0.298000 0.412294 0.297000 0.413793 0.291000 0.413793 0.290000 0.415292 0.289000 0.415292 0.288000 0.416792
1 0.388000 0.410795 0.388000 0.412294 0.387000 0.413793 0.387000 0.419790 0.389000 0.422789 0.390000 0.422789 0.391000 0.424288 0.394000 0.424288 0.397000 0.419790 0.397000 0.418291 0.398000 0.416792 0.397000 0.415292 0.397000 0.413793 0.395000 0.410795 0.394000 0.410795 0.393000 0.409295 0.390000 0.409295 0.389000 0.410795
1 0.117000 0.275862 0.117000 0.283358 0.118000 0.284858 0.118000 0.286357 0.122000 0.292354 0.123000 0.290855 0.123000 0.289355 0.124000 0.287856 0.124000 0.286357 0.125000 0.284858 0.126000 0.284858 0.127000 0.283358 0.128000 0.283358 0.130000 0.280360 0.137000 0.280360 0.138000 0.281859 0.139000 0.281859 0.141000 0.284858 0.142000 0.284858 0.142000 0.277361 0.141000 0.275862 0.141000 0.271364 0.140000 0.269865 0.140000 0.268366 0.138000 0.265367 0.137000 0.265367 0.136000 0.263868 0.135000 0.263868 0.134000 0.262369 0.125000 0.262369 0.124000 0.263868 0.123000 0.263868 0.120000 0.268366 0.120000 0.269865 0.118000 0.272864 0.118000 0.274363
1 0.848000 0.589205 0.846000 0.592204 0.846000 0.593703 0.845000 0.595202 0.845000 0.596702 0.844000 0.598201 0.844000 0.599700 0.843000 0.601199 0.843000 0.604198 0.839000 0.610195 0.839000 0.614693 0.838000 0.616192 0.839000 0.617691 0.839000 0.625187 0.841000 0.628186 0.841000 0.631184 0.842000 0.632684 0.842000 0.635682 0.843000 0.637181 0.843000 0.638681 0.844000 0.640180 0.844000 0.644678 0.845000 0.646177 0.845000 0.647676 0.849000 0.653673 0.853000 0.653673 0.855000 0.650675 0.855000 0.649175 0.856000 0.647676 0.856000 0.643178 0.857000 0.641679 0.857000 0.637181 0.858000 0.635682 0.858000 0.628186 0.859000 0.626687 0.859000 0.620690 0.860000 0.619190 0.860000 0.617691 0.864000 0.611694 0.864000 0.608696 0.865000 0.607196 0.865000 0.604198 0.864000 0.602699 0.864000 0.601199 0.861000 0.596702 0.861000 0.595202 0.857000 0.589205
1 0.758000 0.334333 0.759000 0.335832 0.760000 0.335832 0.761000 0.337331 0.767000 0.337331 0.768000 0.338831 0.769000 0.338831 0.770000 0.340330 0.771000 0.340330 0.773000 0.343328 0.778000 0.343328 0.781000 0.338831 0.781000 0.337331 0.782000 0.335832 0.782000 0.332834 0.783000 0.331334 0.783000 0.329835 0.784000 0.328336 0.784000 0.326837 0.785000 0.325337 0.786000 0.325337 0.787000 0.323838 0.787000 0.322339 0.786000 0.320840 0.785000 0.322339 0.783000 0.322339 0.782000 0.320840 0.781000 0.320840 0.780000 0.319340 0.772000 0.319340 0.771000 0.320840 0.770000 0.319340 0.769000 0.319340 0.768000 0.317841 0.765000 0.317841 0.764000 0.319340 0.763000 0.319340 0.758000 0.326837
1 0.801000 0.389805 0.800000 0.391304 0.799000 0.391304 0.799000 0.392804 0.798000 0.394303 0.801000 0.398801 0.801000 0.401799 0.800000 0.403298 0.800000 0.404798 0.798000 0.407796 0.798000 0.409295 0.797000 0.410795 0.797000 0.412294 0.792000 0.419790 0.792000 0.421289 0.791000 0.422789 0.791000 0.424288 0.792000 0.425787 0.792000 0.427286 0.793000 0.428786 0.792000 0.430285 0.792000 0.439280 0.791000 0.440780 0.792000 0.442279 0.792000 0.445277 0.794000 0.448276 0.799000 0.448276 0.801000 0.451274 0.807000 0.451274 0.808000 0.449775 0.809000 0.449775 0.810000 0.448276 0.810000 0.445277 0.811000 0.443778 0.811000 0.428786 0.812000 0.427286 0.812000 0.422789 0.811000 0.421289 0.811000 0.419790 0.810000 0.418291 0.810000 0.416792 0.809000 0.415292 0.809000 0.413793 0.808000 0.412294 0.808000 0.410795 0.809000 0.409295 0.809000 0.407796 0.810000 0.406297 0.813000 0.406297 0.814000 0.404798 0.814000 0.401799 0.813000 0.400300 0.813000 0.394303 0.811000 0.394303 0.810000 0.392804 0.805000 0.392804 0.804000 0.391304 0.803000 0.391304 0.802000 0.389805
1 0.139000 0.649175 0.138000 0.647676 0.137000 0.647676 0.136000 0.646177 0.135000 0.646177 0.134000 0.644678 0.134000 0.646177 0.132000 0.649175 0.131000 0.649175 0.130000 0.650675 0.129000 0.649175 0.127000 0.649175 0.126000 0.647676 0.122000 0.647676 0.121000 0.649175 0.117000 0.649175 0.116000 0.650675 0.115000 0.650675 0.113000 0.653673 0.112000 0.653673 0.110000 0.656672 0.109000 0.656672 0.106000 0.661169 0.106000 0.665667 0.105000 0.667166 0.105000 0.670165 0.106000 0.671664 0.106000 0.676162 0.109000 0.680660 0.110000 0.680660 0.111000 0.682159 0.114000 0.682159 0.115000 0.683658 0.121000 0.683658 0.122000 0.682159 0.123000 0.682159 0.127000 0.676162 0.129000 0.676162 0.130000 0.674663 0.137000 0.674663 0.137000 0.673163 0.138000 0.671664 0.138000 0.667166 0.139000 0.665667 0.139000 0.661169 0.140000 0.659670 0.140000 0.655172 0.139000 0.653673
1 0.111000 0.608696 0.107000 0.602699 0.107000 0.601199 0.106000 0.599700 0.105000 0.599700 0.104000 0.598201 0.098000 0.598201 0.097000 0.596702 0.085000 0.596702 0.084000 0.598201 0.081000 0.598201 0.080000 0.599700 0.078000 0.599700 0.077000 0.598201 0.072000 0.598201 0.071000 0.599700 0.069000 0.599700 0.068000 0.601199 0.067000 0.601199 0.063000 0.607196 0.063000 0.611694 0.062000 0.613193 0.062000 0.620690 0.063000 0.622189 0.063000 0.625187 0.064000 0.626687 0.064000 0.628186 0.067000 0.632684 0.068000 0.632684 0.069000 0.634183 0.070000 0.634183 0.071000 0.635682 0.075000 0.635682 0.076000 0.634183 0.079000 0.634183 0.080000 0.632684 0.082000 0.632684 0.083000 0.631184 0.084000 0.631184 0.085000 0.632684 0.098000 0.632684 0.099000 0.631184 0.100000 0.631184 0.102000 0.628186 0.102000 0.626687 0.104000 0.623688 0.105000 0.623688 0.107000 0.620690 0.107000 0.619190 0.109000 0.616192 0.111000 0.616192
0 0.119000 0.694153 0.111000 0.694153 0.105000 0.704648 0.105000 0.707646 0.104000 0.709145 0.104000 0.728636 0.105000 0.731634 0.108000 0.734633 0.109000 0.740630 0.111000 0.745127 0.110000 0.746627 0.108000 0.746627 0.107000 0.749625 0.104000 0.745127 0.104000 0.740630 0.102000 0.736132 0.102000 0.725637 0.100000 0.722639 0.090000 0.722639 0.089000 0.724138 0.084000 0.724138 0.081000 0.728636 0.081000 0.731634 0.079000 0.736132 0.079000 0.752624 0.082000 0.758621 0.082000 0.764618 0.081000 0.766117 0.081000 0.770615 0.080000 0.772114 0.080000 0.776612 0.081000 0.778111 0.081000 0.787106 0.082000 0.790105 0.090000 0.800600 0.099000 0.800600 0.102000 0.796102 0.102000 0.794603 0.105000 0.791604 0.106000 0.788606 0.106000 0.773613 0.107000 0.772114 0.108000 0.773613 0.108000 0.779610 0.109000 0.781109 0.111000 0.781109 0.112000 0.782609 0.116000 0.782609 0.117000 0.781109 0.123000 0.782609 0.124000 0.781109 0.126000 0.781109 0.128000 0.778111 0.131000 0.769115 0.131000 0.766117 0.132000 0.764618 0.131000 0.751124 0.126000 0.740630 0.126000 0.733133 0.128000 0.727136 0.127000 0.725637 0.128000 0.710645 0.127000 0.709145 0.126000 0.703148 0.125000 0.703148 0.124000 0.700150
0 0.282000 0.128936 0.281000 0.130435 0.276000 0.131934 0.272000 0.137931 0.272000 0.142429 0.270000 0.143928 0.270000 0.149925 0.272000 0.151424 0.272000 0.160420 0.275000 0.163418 0.279000 0.164918 0.280000 0.167916 0.275000 0.172414 0.271000 0.170915 0.268000 0.173913 0.263000 0.173913 0.263000 0.185907 0.264000 0.187406 0.264000 0.197901 0.263000 0.199400 0.263000 0.206897 0.268000 0.206897 0.272000 0.212894 0.273000 0.212894 0.275000 0.217391 0.274000 0.223388 0.273000 0.224888 0.273000 0.227886 0.272000 0.229385 0.272000 0.233883 0.271000 0.235382 0.271000 0.242879 0.273000 0.248876 0.275000 0.251874 0.276000 0.251874 0.277000 0.254873 0.281000 0.260870 0.286000 0.260870 0.288000 0.257871 0.291000 0.248876 0.291000 0.244378 0.290000 0.242879 0.291000 0.239880 0.291000 0.226387 0.288000 0.220390 0.287000 0.215892 0.285000 0.212894 0.289000 0.206897 0.288000 0.203898 0.287000 0.203898 0.285000 0.200900 0.288000 0.196402 0.288000 0.194903 0.284000 0.188906 0.284000 0.185907 0.282000 0.182909 0.282000 0.176912 0.284000 0.172414 0.284000 0.166417 0.288000 0.160420 0.289000 0.160420 0.291000 0.155922 0.291000 0.145427 0.287000 0.133433 0.283000 0.128936
0 0.006000 0.023988 0.005000 0.025487 0.003000 0.025487 0.002000 0.026987 0.000000 0.026987 0.000000 0.064468 0.001000 0.064468 0.004000 0.068966 0.005000 0.068966 0.006000 0.070465 0.008000 0.070465 0.009000 0.071964 0.013000 0.071964 0.015000 0.068966 0.016000 0.068966 0.017000 0.067466 0.017000 0.065967 0.020000 0.061469 0.020000 0.059970 0.021000 0.058471 0.021000 0.056972 0.022000 0.055472 0.022000 0.041979 0.021000 0.040480 0.021000 0.038981 0.020000 0.037481 0.020000 0.035982 0.016000 0.029985 0.015000 0.029985 0.014000 0.028486 0.013000 0.028486 0.012000 0.026987 0.011000 0.026987 0.010000 0.025487 0.007000 0.025487
0 0.322000 0.016492 0.320000 0.019490 0.320000 0.025487 0.317000 0.029985 0.317000 0.032984 0.316000 0.034483 0.316000 0.043478 0.314000 0.047976 0.314000 0.050975 0.315000 0.052474 0.315000 0.055472 0.314000 0.056972 0.314000 0.067466 0.316000 0.070465 0.318000 0.070465 0.319000 0.071964 0.319000 0.074963 0.318000 0.076462 0.318000 0.077961 0.319000 0.079460 0.319000 0.082459 0.320000 0.083958 0.320000 0.086957 0.321000 0.088456 0.321000 0.089955 0.322000 0.091454 0.323000 0.091454 0.326000 0.095952 0.332000 0.095952 0.333000 0.097451 0.336000 0.097451 0.337000 0.098951 0.339000 0.098951 0.340000 0.100450 0.346000 0.100450 0.347000 0.101949 0.351000 0.101949 0.357000 0.094453 0.359000 0.098951 0.359000 0.104948 0.361000 0.109445 0.361000 0.107946 0.362000 0.106447 0.362000 0.100450 0.363000 0.098951 0.363000 0.095952 0.362000 0.094453 0.362000 0.092954 0.359000 0.089955 0.361000 0.086957 0.361000 0.074963 0.359000 0.070465 0.359000 0.059970 0.360000 0.058471 0.360000 0.055472 0.361000 0.053973 0.361000 0.047976 0.363000 0.043478 0.363000 0.032984 0.362000 0.031484 0.361000 0.026987 0.360000 0.026987 0.359000 0.028486 0.355000 0.028486 0.354000 0.026987 0.352000 0.026987 0.349000 0.029985 0.346000 0.026987 0.346000 0.025487 0.343000 0.020990 0.343000 0.019490 0.342000 0.017991 0.341000 0.017991 0.338000 0.014993 0.328000 0.014993 0.327000 0.016492
0 0.710000 0.053973 0.710000 0.061469 0.719000 0.073463 0.724000 0.076462 0.728000 0.076462 0.730000 0.079460 0.732000 0.079460 0.736000 0.085457 0.739000 0.085457 0.744000 0.095952 0.745000 0.094453 0.751000 0.094453 0.753000 0.097451 0.752000 0.103448 0.747000 0.100450 0.744000 0.104948 0.740000 0.098951 0.736000 0.106447 0.734000 0.106447 0.731000 0.112444 0.731000 0.124438 0.732000 0.125937 0.734000 0.122939 0.749000 0.115442 0.751000 0.110945 0.755000 0.115442 0.758000 0.112444 0.754000 0.107946 0.759000 0.098951 0.765000 0.106447 0.763000 0.110945 0.761000 0.110945 0.762000 0.113943 0.765000 0.113943 0.767000 0.110945 0.770000 0.115442 0.773000 0.115442 0.775000 0.112444 0.780000 0.115442 0.786000 0.104948 0.791000 0.104948 0.795000 0.107946 0.797000 0.104948 0.797000 0.100450 0.799000 0.097451 0.799000 0.094453 0.803000 0.089955 0.800000 0.088456 0.798000 0.083958 0.795000 0.088456 0.793000 0.088456 0.792000 0.083958 0.789000 0.083958 0.786000 0.080960 0.783000 0.082459 0.778000 0.079460 0.777000 0.076462 0.780000 0.071964 0.783000 0.071964 0.784000 0.068966 0.786000 0.068966 0.787000 0.067466 0.786000 0.064468 0.778000 0.065967 0.778000 0.068966 0.775000 0.071964 0.769000 0.056972 0.765000 0.053973 0.762000 0.053973 0.759000 0.056972 0.757000 0.052474 0.753000 0.050975 0.752000 0.047976 0.743000 0.053973 0.740000 0.059970 0.732000 0.058471 0.728000 0.053973 0.721000 0.050975 0.712000 0.050975
0 0.364000 0.145427 0.363000 0.146927 0.363000 0.148426 0.364000 0.149925 0.364000 0.151424 0.366000 0.154423 0.366000 0.160420 0.368000 0.163418 0.370000 0.172414 0.373000 0.176912 0.373000 0.178411 0.368000 0.184408 0.368000 0.187406 0.367000 0.188906 0.367000 0.190405 0.368000 0.191904 0.368000 0.194903 0.375000 0.203898 0.376000 0.203898 0.378000 0.206897 0.379000 0.206897 0.381000 0.209895 0.382000 0.209895 0.383000 0.211394 0.383000 0.212894 0.386000 0.217391 0.386000 0.218891 0.388000 0.221889 0.389000 0.221889 0.390000 0.220390 0.396000 0.220390 0.397000 0.221889 0.398000 0.221889 0.400000 0.224888 0.402000 0.224888 0.404000 0.227886 0.404000 0.229385 0.404000 0.224888 0.406000 0.221889 0.407000 0.217391 0.408000 0.215892 0.410000 0.215892 0.411000 0.214393 0.411000 0.212894 0.410000 0.211394 0.408000 0.211394 0.406000 0.208396 0.406000 0.206897 0.405000 0.205397 0.404000 0.205397 0.401000 0.200900 0.401000 0.199400 0.397000 0.193403 0.397000 0.191904 0.394000 0.187406 0.393000 0.187406 0.392000 0.185907 0.390000 0.185907 0.389000 0.184408 0.389000 0.182909 0.388000 0.182909 0.386000 0.179910 0.386000 0.178411 0.385000 0.176912 0.384000 0.176912 0.383000 0.175412 0.380000 0.173913 0.378000 0.170915 0.378000 0.166417 0.377000 0.164918 0.377000 0.163418 0.375000 0.160420 0.375000 0.154423 0.371000 0.148426 0.370000 0.148426 0.368000 0.145427
0 0.376000 0.062969 0.374000 0.065967 0.374000 0.070465 0.375000 0.071964 0.374000 0.073463 0.373000 0.073463 0.371000 0.076462 0.371000 0.079460 0.370000 0.080960 0.370000 0.082459 0.369000 0.083958 0.370000 0.085457 0.370000 0.091454 0.369000 0.092954 0.369000 0.094453 0.368000 0.095952 0.368000 0.098951 0.369000 0.100450 0.369000 0.103448 0.371000 0.106447 0.377000 0.106447 0.378000 0.104948 0.382000 0.104948 0.383000 0.106447 0.385000 0.106447 0.386000 0.104948 0.388000 0.104948 0.389000 0.103448 0.389000 0.101949 0.390000 0.100450 0.390000 0.092954 0.389000 0.091454 0.389000 0.086957 0.387000 0.083958 0.387000 0.080960 0.386000 0.079460 0.386000 0.076462 0.385000 0.074963 0.385000 0.070465 0.384000 0.068966 0.384000 0.067466 0.382000 0.064468 0.381000 0.064468 0.380000 0.062969
