1 0.377778 0.353333 0.330556 0.362222 0.281944 0.400000 0.256944 0.437778 0.236111 0.477778 0.227778 0.540000 0.227778 0.568889 0.233333 0.602222 0.237500 0.608889 0.252778 0.615556 0.300000 0.662222 0.329167 0.728889 0.336111 0.757778 0.341667 0.764444 0.380556 0.764444 0.408333 0.751111 0.422222 0.748889 0.443056 0.735556 0.462500 0.713333 0.483333 0.673333 0.494444 0.633333 0.491667 0.597778 0.493056 0.562222 0.497222 0.542222 0.494444 0.522222 0.430556 0.382222 0.402778 0.362222
1 0.000000 0.257778 0.000000 0.540000 0.012500 0.537778 0.020833 0.528889 0.020833 0.506667 0.027778 0.500000 0.061111 0.546667 0.061111 0.531111 0.063889 0.528889 0.061111 0.524444 0.061111 0.504444 0.065278 0.497778 0.077778 0.502222 0.079167 0.524444 0.072222 0.526667 0.075000 0.535556 0.077778 0.526667 0.087500 0.517778 0.093056 0.544444 0.095833 0.544444 0.095833 0.540000 0.102778 0.531111 0.106944 0.542222 0.115278 0.546667 0.122222 0.533333 0.119444 0.491111 0.126389 0.475556 0.136111 0.482222 0.133333 0.488889 0.133333 0.502222 0.137500 0.508889 0.137500 0.524444 0.141667 0.533333 0.156944 0.531111 0.169444 0.520000 0.177778 0.500000 0.184722 0.455556 0.180556 0.435556 0.165278 0.408889 0.162500 0.393333 0.165278 0.357778 0.173611 0.342222 0.170833 0.326667 0.144444 0.297778 0.126389 0.286667 0.056944 0.271111 0.051389 0.264444 0.030556 0.255556 0.012500 0.253333
1 0.487500 0.082222 0.462500 0.091111 0.429167 0.115556 0.416667 0.131111 0.393056 0.175556 0.379167 0.231111 0.370833 0.308889 0.370833 0.333333 0.376389 0.348889 0.393056 0.353333 0.430556 0.377778 0.441667 0.397778 0.445833 0.397778 0.454167 0.384444 0.472222 0.377778 0.520833 0.388889 0.523611 0.395556 0.531944 0.395556 0.544444 0.386667 0.545833 0.395556 0.493056 0.477778 0.493056 0.495556 0.504167 0.497778 0.520833 0.486667 0.533333 0.471111 0.570833 0.404444 0.577778 0.384444 0.577778 0.371111 0.615278 0.282222 0.619444 0.233333 0.612500 0.177778 0.572222 0.113333 0.536111 0.088889
1 0.647222 0.777778 0.637500 0.831111 0.636111 0.902222 0.650000 0.968889 0.662500 0.997778 0.970833 0.997778 0.983333 0.957778 0.991667 0.915556 0.988889 0.848889 0.972222 0.782222 0.933333 0.731111 0.897222 0.697778 0.877778 0.686667 0.783333 0.655556 0.727778 0.664444 0.711111 0.675556 0.701389 0.688889 0.700000 0.724444 0.694444 0.742222 0.681944 0.748889 0.665278 0.735556 0.656944 0.748889
1 0.341667 0.842222 0.337500 0.871111 0.336111 0.920000 0.340278 0.960000 0.350000 0.997778 0.598611 0.997778 0.604167 0.984444 0.609722 0.957778 0.611111 0.891111 0.602778 0.857778 0.593056 0.831111 0.562500 0.775556 0.540278 0.764444 0.497222 0.766667 0.483333 0.773333 0.463889 0.768889 0.452778 0.773333 0.440278 0.786667 0.423611 0.793333 0.422222 0.788889 0.426389 0.784444 0.433333 0.757778 0.426389 0.753333 0.405556 0.757778 0.375000 0.775556 0.356944 0.802222
1 0.297222 0.664444 0.245833 0.615556 0.229167 0.615556 0.218056 0.620000 0.194444 0.620000 0.170833 0.637778 0.158333 0.642222 0.130556 0.668889 0.106944 0.677778 0.098611 0.691111 0.088889 0.720000 0.062500 0.764444 0.058333 0.777778 0.054167 0.815556 0.054167 0.882222 0.056944 0.911111 0.063889 0.935556 0.077778 0.966667 0.100000 0.997778 0.286111 0.997778 0.326389 0.913333 0.333333 0.882222 0.336111 0.786667 0.331944 0.768889 0.331944 0.748889 0.325000 0.724444
1 0.255556 0.000000 0.248611 0.024444 0.248611 0.035556 0.251389 0.035556 0.261111 0.053333 0.268056 0.086667 0.286111 0.100000 0.300000 0.131111 0.300000 0.157778 0.295833 0.177778 0.290278 0.184444 0.283333 0.182222 0.265278 0.186667 0.265278 0.217778 0.270833 0.262222 0.283333 0.260000 0.288889 0.264444 0.283333 0.271111 0.276389 0.288889 0.279167 0.293333 0.286111 0.293333 0.301389 0.275556 0.305556 0.275556 0.306944 0.280000 0.300000 0.295556 0.301389 0.302222 0.297222 0.313333 0.300000 0.317778 0.313889 0.311111 0.334722 0.311111 0.350000 0.315556 0.361111 0.313333 0.365278 0.308889 0.369444 0.295556 0.377778 0.226667 0.390278 0.175556 0.413889 0.133333 0.418056 0.120000 0.419444 0.102222 0.416667 0.082222 0.405556 0.046667 0.380556 0.000000
1 0.100000 0.000000 0.041667 0.000000 0.019444 0.035556 0.015278 0.037778 0.004167 0.060000 0.000000 0.060000 0.000000 0.253333 0.016667 0.246667 0.030556 0.248889 0.030556 0.193333 0.043056 0.144444 0.055556 0.120000 0.058333 0.128889 0.044444 0.200000 0.044444 0.215556 0.047222 0.224444 0.051389 0.222222 0.080556 0.173333 0.116667 0.142222 0.122222 0.144444 0.119444 0.155556 0.101389 0.173333 0.088889 0.193333 0.075000 0.224444 0.072222 0.244444 0.090278 0.224444 0.105556 0.215556 0.130556 0.168889 0.136111 0.153333 0.130556 0.117778 0.126389 0.111111 0.109722 0.111111 0.098611 0.104444 0.118056 0.084444 0.115278 0.068889 0.104167 0.042222
1 0.998611 0.046667 0.961111 0.031111 0.919444 0.035556 0.872222 0.066667 0.845833 0.093333 0.823611 0.124444 0.797222 0.182222 0.786111 0.253333 0.788889 0.300000 0.797222 0.348889 0.816667 0.386667 0.826389 0.393333 0.836111 0.384444 0.841667 0.371111 0.843056 0.351111 0.837500 0.293333 0.831944 0.275556 0.840278 0.260000 0.855556 0.264444 0.856944 0.322222 0.863889 0.355556 0.873611 0.353333 0.873611 0.320000 0.876389 0.315556 0.894444 0.346667 0.911111 0.351111 0.911111 0.324444 0.915278 0.311111 0.930556 0.355556 0.962500 0.362222 0.969444 0.382222 0.998611 0.377778
1 0.962500 0.371111 0.929167 0.360000 0.915278 0.317778 0.912500 0.355556 0.887500 0.344444 0.876389 0.317778 0.875000 0.353333 0.863889 0.357778 0.854167 0.320000 0.854167 0.264444 0.843056 0.260000 0.831944 0.271111 0.844444 0.368889 0.818056 0.406667 0.769444 0.337778 0.734722 0.335556 0.731944 0.302222 0.748611 0.295556 0.743056 0.286667 0.750000 0.257778 0.748611 0.195556 0.734722 0.153333 0.730556 0.208889 0.709722 0.268889 0.669444 0.255556 0.665278 0.217778 0.655556 0.242222 0.645833 0.231111 0.631944 0.237778 0.662500 0.260000 0.658333 0.271111 0.673611 0.273333 0.673611 0.288889 0.694444 0.275556 0.704167 0.311111 0.712500 0.320000 0.723611 0.311111 0.727778 0.331111 0.650000 0.340000 0.577778 0.400000 0.530556 0.497778 0.531944 0.542222 0.544444 0.526667 0.547222 0.560000 0.531944 0.562222 0.511111 0.600000 0.497222 0.593333 0.500000 0.628889 0.547222 0.657778 0.545833 0.742222 0.551389 0.748889 0.555556 0.728889 0.566667 0.733333 0.572222 0.702222 0.580556 0.728889 0.590278 0.720000 0.591667 0.700000 0.602778 0.695556 0.611111 0.715556 0.620833 0.700000 0.637500 0.697778 0.641667 0.715556 0.644444 0.700000 0.652778 0.700000 0.656944 0.733333 0.665278 0.720000 0.687500 0.744444 0.697222 0.733333 0.698611 0.677778 0.708333 0.662222 0.743056 0.653333 0.806944 0.655556 0.884722 0.686667 0.887500 0.657778 0.863889 0.617778 0.877778 0.546667 0.869444 0.531111 0.901389 0.453333 0.875000 0.382222 0.919444 0.373333 0.930556 0.415556 0.934722 0.382222 0.958333 0.382222
1 0.434722 0.068889 0.437500 0.088889 0.443056 0.100000 0.476389 0.082222 0.501389 0.077778 0.538889 0.086667 0.569444 0.108889 0.573611 0.108889 0.577778 0.093333 0.577778 0.077778 0.580556 0.071111 0.580556 0.051111 0.583333 0.046667 0.588889 0.068889 0.591667 0.102222 0.597222 0.115556 0.600000 0.117778 0.606944 0.115556 0.622222 0.124444 0.638889 0.124444 0.656944 0.117778 0.665278 0.102222 0.680556 0.028889 0.680556 0.006667 0.679167 0.000000 0.440278 0.000000 0.434722 0.033333
