1 0.404167 0.400833 0.368333 0.405000 0.353333 0.410000 0.330833 0.423333 0.310000 0.441667 0.292500 0.463333 0.282500 0.480833 0.278333 0.496667 0.280000 0.510833 0.295833 0.518333 0.320000 0.540833 0.332500 0.570000 0.335833 0.587500 0.335000 0.605833 0.331667 0.614167 0.318333 0.629167 0.317500 0.635000 0.343333 0.659167 0.362500 0.670833 0.370833 0.672500 0.395000 0.671667 0.402500 0.645833 0.408333 0.640000 0.416667 0.637500 0.436667 0.638333 0.456667 0.655000 0.468333 0.649167 0.505833 0.611667 0.520833 0.582500 0.528333 0.558333 0.530000 0.533333 0.526667 0.502500 0.514167 0.471667 0.500833 0.452500 0.486667 0.437500 0.457500 0.415000 0.439167 0.407500
1 0.150000 0.535000 0.113333 0.545833 0.091667 0.565000 0.076667 0.592500 0.065833 0.626667 0.065000 0.653333 0.070833 0.683333 0.078333 0.699167 0.101667 0.721667 0.122500 0.746667 0.131667 0.751667 0.158333 0.747500 0.190000 0.750833 0.194167 0.743333 0.200000 0.708333 0.195000 0.703333 0.181667 0.704167 0.180000 0.701667 0.181667 0.694167 0.189167 0.688333 0.204167 0.684167 0.220000 0.670833 0.259167 0.630833 0.265833 0.610000 0.260833 0.605000 0.235000 0.605833 0.225000 0.610833 0.216667 0.624167 0.208333 0.623333 0.184167 0.612500 0.167500 0.594167 0.163333 0.585833 0.164167 0.574167 0.170833 0.564167 0.167500 0.553333 0.159167 0.540000
1 0.958333 0.233333 0.950833 0.230000 0.919167 0.232500 0.882500 0.245000 0.841667 0.250000 0.833333 0.255833 0.828333 0.267500 0.825000 0.289167 0.830833 0.323333 0.840000 0.340000 0.860833 0.353333 0.880833 0.378333 0.891667 0.383333 0.904167 0.385833 0.921667 0.386667 0.937500 0.384167 0.955000 0.374167 0.978333 0.349167 0.996667 0.322500 0.999167 0.321667 0.999167 0.289167 0.996667 0.287500 0.990833 0.262500 0.985833 0.255833 0.971667 0.270000 0.942500 0.291667 0.931667 0.291667 0.925000 0.285000 0.924167 0.279167 0.929167 0.266667 0.940000 0.261667 0.948333 0.254167 0.960000 0.236667
1 0.657500 0.479167 0.654167 0.480000 0.650000 0.477500 0.639167 0.477500 0.625833 0.486667 0.613333 0.490000 0.606667 0.490000 0.595000 0.493333 0.575000 0.492500 0.564167 0.496667 0.560000 0.496667 0.557500 0.498333 0.555833 0.502500 0.546667 0.509167 0.545000 0.513333 0.547500 0.516667 0.546667 0.530000 0.550000 0.548333 0.560000 0.575833 0.578333 0.601667 0.608333 0.611667 0.611667 0.615000 0.607500 0.630000 0.610833 0.638333 0.617500 0.638333 0.619167 0.635833 0.618333 0.625833 0.615833 0.624167 0.615833 0.614167 0.622500 0.610833 0.637500 0.607500 0.640000 0.603333 0.637500 0.595000 0.638333 0.590000 0.635833 0.583333 0.635000 0.569167 0.636667 0.542500 0.640000 0.533333 0.641667 0.521667 0.648333 0.511667 0.658333 0.502500 0.663333 0.500833 0.670833 0.501667 0.672500 0.498333 0.670833 0.493333 0.664167 0.486667 0.662500 0.482500
0 0.364167 0.676667 0.345000 0.686667 0.329167 0.708333 0.327500 0.731667 0.330000 0.750833 0.303333 0.791667 0.295000 0.821667 0.285833 0.833333 0.284167 0.841667 0.285833 0.855833 0.293333 0.872500 0.307500 0.890000 0.321667 0.901667 0.334167 0.907500 0.385833 0.924167 0.412500 0.923333 0.434167 0.919167 0.473333 0.901667 0.485833 0.893333 0.502500 0.874167 0.508333 0.857500 0.514167 0.815833 0.514167 0.796667 0.508333 0.771667 0.495000 0.743333 0.470000 0.713333 0.465833 0.710833 0.455833 0.718333 0.452500 0.716667 0.451667 0.702500 0.445833 0.694167 0.434167 0.690833 0.402500 0.698333 0.397500 0.692500 0.394167 0.677500
0 0.150000 0.750833 0.132500 0.755833 0.129167 0.760000 0.130833 0.771667 0.144167 0.798333 0.150833 0.826667 0.155833 0.860000 0.155000 0.898333 0.160000 0.928333 0.171667 0.950833 0.179167 0.958333 0.187500 0.971667 0.194167 0.975833 0.198333 0.975833 0.224167 0.968333 0.235833 0.962500 0.261667 0.942500 0.267500 0.928333 0.280000 0.907500 0.284167 0.895833 0.286667 0.881667 0.285833 0.869167 0.276667 0.836667 0.271667 0.829167 0.257500 0.824167 0.240000 0.824167 0.222500 0.810833 0.209167 0.804167 0.202500 0.797500 0.201667 0.794167 0.190000 0.782500 0.188333 0.778333 0.189167 0.755000 0.170000 0.750000
0 0.805000 0.564167 0.800833 0.576667 0.801667 0.591667 0.816667 0.623333 0.830833 0.636667 0.847500 0.647500 0.859167 0.652500 0.885000 0.658333 0.910833 0.657500 0.923333 0.653333 0.942500 0.641667 0.960833 0.622500 0.971667 0.599167 0.974167 0.587500 0.974167 0.562500 0.970833 0.557500 0.965000 0.555833 0.957500 0.556667 0.943333 0.552500 0.919167 0.549167 0.888333 0.540000 0.883333 0.536667 0.875833 0.538333 0.857500 0.550833 0.837500 0.559167 0.812500 0.560833
0 0.799167 0.338333 0.782500 0.342500 0.753333 0.355833 0.739167 0.365833 0.718333 0.388333 0.706667 0.409167 0.704167 0.419167 0.704167 0.450000 0.706667 0.470833 0.711667 0.490833 0.716667 0.501667 0.726667 0.510833 0.748333 0.538333 0.769167 0.549167 0.790833 0.556667 0.807500 0.559167 0.829167 0.558333 0.844167 0.555000 0.863333 0.545833 0.882500 0.529167 0.887500 0.520833 0.897500 0.493333 0.901667 0.431667 0.897500 0.416667 0.888333 0.397500 0.877500 0.382500 0.871667 0.369167 0.858333 0.354167 0.834167 0.340833 0.822500 0.338333
0 0.820833 0.266667 0.814167 0.265000 0.810833 0.262500 0.803333 0.261667 0.780833 0.261667 0.767500 0.264167 0.750833 0.271667 0.735833 0.283333 0.725833 0.293333 0.720000 0.296667 0.706667 0.320000 0.704167 0.335833 0.704167 0.344167 0.706667 0.358333 0.710000 0.368333 0.709167 0.376667 0.713333 0.384167 0.716667 0.385000 0.717500 0.383333 0.724167 0.380000 0.725000 0.377500 0.736667 0.365833 0.760833 0.350000 0.782500 0.340833 0.786667 0.340833 0.789167 0.339167 0.801667 0.336667 0.832500 0.337500 0.832500 0.333333 0.829167 0.326667 0.825833 0.311667 0.825833 0.305833 0.824167 0.301667 0.825000 0.298333 0.823333 0.295833 0.824167 0.271667
0 0.992500 0.556667 0.980833 0.557500 0.977500 0.560833 0.975000 0.594167 0.960000 0.625833 0.942500 0.643333 0.925833 0.653333 0.919167 0.654167 0.904167 0.661667 0.906667 0.690000 0.917500 0.715833 0.907500 0.730833 0.905000 0.750000 0.908333 0.770000 0.907500 0.779167 0.921667 0.782500 0.920833 0.794167 0.925000 0.798333 0.944167 0.806667 0.955833 0.806667 0.966667 0.795833 0.969167 0.800833 0.976667 0.805000 0.974167 0.810833 0.982500 0.810833 0.980000 0.805000 0.985833 0.793333 0.994167 0.802500 0.989167 0.819167 0.992500 0.823333 0.999167 0.824167 0.999167 0.799167 0.996667 0.798333 0.999167 0.797500 0.999167 0.557500
