1 0.234824 0.613909 0.233227 0.616307 0.230032 0.616307 0.228435 0.618705 0.220447 0.618705 0.218850 0.621103 0.214058 0.623501 0.210863 0.628297 0.209265 0.628297 0.204473 0.635492 0.202875 0.635492 0.201278 0.637890 0.199681 0.637890 0.196486 0.642686 0.194888 0.642686 0.188498 0.652278 0.188498 0.669065 0.190096 0.671463 0.190096 0.676259 0.191693 0.678657 0.191693 0.685851 0.194888 0.693046 0.194888 0.697842 0.196486 0.700240 0.196486 0.705036 0.199681 0.709832 0.199681 0.712230 0.204473 0.719424 0.206070 0.719424 0.214058 0.726619 0.218850 0.726619 0.220447 0.729017 0.225240 0.729017 0.226837 0.731415 0.244409 0.731415 0.246006 0.729017 0.252396 0.729017 0.253994 0.726619 0.257188 0.726619 0.258786 0.724221 0.263578 0.721823 0.274760 0.705036 0.276358 0.705036 0.277955 0.702638 0.277955 0.700240 0.279553 0.697842 0.279553 0.693046 0.281150 0.690647 0.281150 0.676259 0.282748 0.673861 0.282748 0.669065 0.281150 0.666667 0.281150 0.652278 0.279553 0.649880 0.279553 0.645084 0.277955 0.642686 0.277955 0.640288 0.268371 0.625899 0.266773 0.625899 0.263578 0.621103 0.260383 0.621103 0.258786 0.618705 0.255591 0.618705 0.253994 0.616307 0.250799 0.616307 0.249201 0.613909
1 0.345048 0.565947 0.340256 0.565947 0.338658 0.563549 0.324281 0.563549 0.322684 0.565947 0.319489 0.565947 0.317891 0.563549 0.314696 0.563549 0.313099 0.565947 0.305112 0.565947 0.303514 0.568345 0.292332 0.568345 0.290735 0.570743 0.263578 0.570743 0.257188 0.580336 0.249201 0.585132 0.249201 0.592326 0.247604 0.594724 0.247604 0.604317 0.249201 0.609113 0.268371 0.623501 0.277955 0.637890 0.281150 0.647482 0.281150 0.652278 0.282748 0.654676 0.282748 0.690647 0.281150 0.693046 0.281150 0.700240 0.284345 0.705036 0.287540 0.705036 0.289137 0.707434 0.298722 0.707434 0.300319 0.709832 0.313099 0.709832 0.314696 0.707434 0.319489 0.707434 0.321086 0.705036 0.329073 0.702638 0.333866 0.697842 0.337061 0.697842 0.340256 0.693046 0.346645 0.688249 0.349840 0.683453 0.349840 0.681055 0.357827 0.669065 0.362620 0.654676 0.364217 0.642686 0.365815 0.640288 0.365815 0.628297 0.364217 0.625899 0.364217 0.609113 0.362620 0.606715 0.362620 0.601918 0.361022 0.599520 0.361022 0.594724 0.359425 0.592326 0.359425 0.587530 0.357827 0.582734
1 0.670927 0.652278 0.670927 0.661871 0.674121 0.666667 0.675719 0.666667 0.677316 0.669065 0.678914 0.669065 0.680511 0.671463 0.682109 0.671463 0.686901 0.678657 0.688498 0.678657 0.690096 0.681055 0.691693 0.681055 0.694888 0.685851 0.696486 0.685851 0.699681 0.690647 0.701278 0.690647 0.702875 0.693046 0.704473 0.693046 0.706070 0.695444 0.715655 0.695444 0.718850 0.690647 0.720447 0.690647 0.728435 0.678657 0.728435 0.652278 0.722045 0.642686 0.720447 0.642686 0.718850 0.640288 0.706070 0.640288 0.704473 0.642686 0.702875 0.640288 0.701278 0.640288 0.699681 0.637890 0.696486 0.637890 0.694888 0.635492 0.682109 0.635492 0.680511 0.637890 0.678914 0.637890 0.677316 0.640288 0.675719 0.640288 0.674121 0.642686 0.674121 0.645084 0.672524 0.647482 0.672524 0.649880
1 0.741214 0.822542 0.739617 0.817746 0.731629 0.808153 0.720447 0.808153 0.707668 0.827338 0.704473 0.827338 0.693291 0.815348 0.690096 0.815348 0.685304 0.805755 0.685304 0.798561 0.675719 0.788969 0.666134 0.791367 0.654952 0.803357 0.643770 0.805755 0.637380 0.812950 0.621406 0.812950 0.619808 0.815348 0.616613 0.815348 0.610224 0.824940 0.610224 0.841727 0.603834 0.848921 0.597444 0.870504 0.594249 0.872902 0.592652 0.877698 0.586262 0.882494 0.578275 0.896882 0.578275 0.916067 0.576677 0.918465 0.578275 0.932854 0.583067 0.932854 0.584665 0.935252 0.669329 0.935252 0.672524 0.930456 0.670927 0.928058 0.669329 0.906475 0.674121 0.896882 0.677316 0.896882 0.683706 0.892086 0.688498 0.896882 0.691693 0.913669 0.696486 0.918465 0.701278 0.911271 0.701278 0.906475 0.715655 0.884892 0.718850 0.875300 0.731629 0.858513 0.734824 0.846523 0.741214 0.836930
1 0.972843 0.657074 0.971246 0.659472 0.968051 0.659472 0.963259 0.666667 0.963259 0.669065 0.961661 0.671463 0.961661 0.685851 0.958466 0.690647 0.950479 0.695444 0.948882 0.697842 0.948882 0.700240 0.945687 0.705036 0.944089 0.705036 0.942492 0.707434 0.939297 0.707434 0.936102 0.712230 0.934505 0.712230 0.931310 0.717026 0.931310 0.721823 0.929712 0.724221 0.929712 0.729017 0.931310 0.731415 0.931310 0.736211 0.937700 0.745803 0.939297 0.752998 0.942492 0.752998 0.944089 0.755396 0.944089 0.760192 0.948882 0.760192 0.950479 0.762590 0.955272 0.762590 0.956869 0.760192 0.960064 0.760192 0.961661 0.757794 0.966454 0.757794 0.968051 0.755396 0.969649 0.755396 0.972843 0.750600 0.974441 0.750600 0.977636 0.745803 0.980831 0.752998 0.980831 0.762590 0.984026 0.767386 0.984026 0.774580 0.985623 0.776978 0.985623 0.779376 0.988818 0.784173 0.990415 0.784173 0.990415 0.781775 0.988818 0.779376 0.988818 0.772182 0.987220 0.769784 0.987220 0.762590 0.988818 0.760192 0.987220 0.757794 0.987220 0.752998 0.984026 0.748201 0.984026 0.745803 0.982428 0.743405 0.985623 0.738609 0.998403 0.738609 0.998403 0.661871 0.996805 0.661871 0.993610 0.657074
1 0.856230 0.676259 0.843450 0.695444 0.843450 0.743405 0.846645 0.748201 0.843450 0.755396 0.848243 0.762590 0.851438 0.755396 0.857827 0.750600 0.861022 0.760192 0.859425 0.762590 0.859425 0.767386 0.861022 0.767386 0.861022 0.764988 0.864217 0.762590 0.867412 0.755396 0.872204 0.755396 0.875399 0.762590 0.875399 0.779376 0.876997 0.779376 0.880192 0.774580 0.881789 0.776978 0.876997 0.803357 0.888179 0.815348 0.892971 0.815348 0.894569 0.812950 0.897764 0.812950 0.900958 0.808153 0.902556 0.808153 0.902556 0.803357 0.905751 0.798561 0.905751 0.793765 0.907348 0.791367 0.907348 0.788969 0.905751 0.793765 0.902556 0.791367 0.904153 0.786571 0.904153 0.762590 0.912141 0.750600 0.913738 0.745803 0.913738 0.731415 0.912141 0.729017 0.912141 0.721823 0.910543 0.719424 0.912141 0.717026 0.912141 0.709832 0.910543 0.707434 0.912141 0.705036 0.912141 0.700240 0.908946 0.700240 0.907348 0.697842 0.904153 0.700240 0.900958 0.705036 0.900958 0.719424 0.899361 0.721823 0.894569 0.721823 0.891374 0.712230 0.896166 0.702638 0.896166 0.700240 0.892971 0.695444 0.896166 0.690647 0.889776 0.693046 0.889776 0.695444 0.886581 0.697842 0.881789 0.690647 0.881789 0.685851 0.878594 0.683453 0.873802 0.683453 0.872204 0.681055 0.861022 0.683453
1 0.324281 0.810552 0.321086 0.815348 0.321086 0.817746 0.319489 0.820144 0.319489 0.829736 0.316294 0.834532 0.313099 0.834532 0.309904 0.829736 0.309904 0.848921 0.308307 0.851319 0.308307 0.856115 0.306709 0.858513 0.306709 0.863309 0.305112 0.865707 0.305112 0.872902 0.303514 0.875300 0.303514 0.887290 0.309904 0.896882 0.311502 0.896882 0.313099 0.899281 0.314696 0.899281 0.316294 0.901679 0.317891 0.901679 0.321086 0.906475 0.321086 0.908873 0.324281 0.913669 0.332268 0.913669 0.335463 0.908873 0.340256 0.908873 0.341853 0.906475 0.343450 0.906475 0.345048 0.904077 0.346645 0.904077 0.349840 0.899281 0.349840 0.896882 0.351438 0.894484 0.351438 0.892086 0.353035 0.889688 0.353035 0.887290 0.351438 0.884892 0.351438 0.880096 0.349840 0.877698 0.349840 0.875300 0.343450 0.865707 0.343450 0.863309 0.341853 0.860911 0.341853 0.839329 0.340256 0.836930 0.341853 0.834532 0.341853 0.822542 0.340256 0.820144 0.340256 0.817746 0.335463 0.810552
1 0.261981 0.733813 0.261981 0.760192 0.263578 0.762590 0.263578 0.772182 0.265176 0.774580 0.265176 0.781775 0.266773 0.784173 0.266773 0.829736 0.268371 0.829736 0.269968 0.832134 0.271565 0.829736 0.273163 0.829736 0.276358 0.824940 0.277955 0.824940 0.285942 0.812950 0.290735 0.812950 0.292332 0.815348 0.301917 0.815348 0.303514 0.812950 0.308307 0.812950 0.309904 0.810552 0.311502 0.810552 0.316294 0.803357 0.317891 0.803357 0.317891 0.800959 0.321086 0.796163 0.321086 0.793765 0.322684 0.791367 0.322684 0.767386 0.321086 0.764988 0.321086 0.760192 0.319489 0.757794 0.319489 0.755396 0.313099 0.745803 0.311502 0.745803 0.306709 0.741007 0.301917 0.741007 0.300319 0.738609 0.298722 0.738609 0.295527 0.733813 0.290735 0.733813 0.289137 0.731415 0.282748 0.731415 0.281150 0.729017 0.265176 0.729017
1 0.260383 0.359712 0.258786 0.359712 0.257188 0.357314 0.247604 0.357314 0.246006 0.359712 0.241214 0.359712 0.239617 0.362110 0.230032 0.362110 0.228435 0.364508 0.223642 0.364508 0.222045 0.366906 0.210863 0.366906 0.209265 0.369305 0.201278 0.369305 0.199681 0.371703 0.191693 0.371703 0.190096 0.374101 0.178914 0.374101 0.177316 0.376499 0.167732 0.376499 0.166134 0.378897 0.142173 0.378897 0.138978 0.383693 0.138978 0.395683 0.140575 0.398082 0.142173 0.405276 0.145367 0.410072 0.145367 0.412470 0.156550 0.429257 0.158147 0.429257 0.162939 0.434053 0.166134 0.434053 0.167732 0.436451 0.172524 0.436451 0.174121 0.438849 0.178914 0.438849 0.180511 0.441247 0.202875 0.441247 0.204473 0.443645 0.214058 0.443645 0.215655 0.441247 0.220447 0.441247 0.222045 0.438849 0.225240 0.438849 0.226837 0.436451 0.234824 0.431655 0.247604 0.412470 0.249201 0.412470 0.253994 0.405276 0.253994 0.402878 0.255591 0.400480 0.255591 0.395683 0.258786 0.388489 0.258786 0.381295 0.260383 0.378897
1 0.277955 0.417266 0.271565 0.429257 0.271565 0.431655 0.266773 0.443645 0.266773 0.453237 0.265176 0.455635 0.265176 0.467626 0.266773 0.470024 0.266773 0.477218 0.268371 0.479616 0.269968 0.491607 0.271565 0.494005 0.273163 0.501199 0.281150 0.513189 0.281150 0.515588 0.282748 0.515588 0.292332 0.532374 0.293930 0.532374 0.297125 0.537170 0.298722 0.537170 0.301917 0.541966 0.303514 0.541966 0.306709 0.546763 0.308307 0.546763 0.316294 0.558753 0.319489 0.558753 0.321086 0.561151 0.325879 0.561151 0.327476 0.558753 0.335463 0.558753 0.337061 0.556355 0.340256 0.556355 0.343450 0.551559 0.345048 0.551559 0.353035 0.539568 0.354633 0.539568 0.356230 0.537170 0.357827 0.529976 0.364217 0.517986 0.364217 0.510791 0.365815 0.508393 0.365815 0.498801 0.367412 0.496403 0.367412 0.489209 0.369010 0.486811 0.369010 0.460432 0.365815 0.453237 0.365815 0.448441 0.364217 0.446043 0.364217 0.443645 0.357827 0.434053 0.357827 0.431655 0.353035 0.429257 0.345048 0.417266 0.343450 0.417266 0.340256 0.412470 0.338658 0.412470 0.333866 0.407674 0.330671 0.407674 0.329073 0.405276 0.324281 0.405276 0.322684 0.402878 0.313099 0.402878 0.311502 0.405276 0.306709 0.405276 0.305112 0.407674 0.303514 0.407674 0.303514 0.410072 0.298722 0.414868 0.297125 0.412470 0.289137 0.410072 0.287540 0.412470 0.284345 0.412470 0.282748 0.414868
1 0.169329 0.486811 0.167732 0.489209 0.161342 0.489209 0.154952 0.494005 0.148562 0.503597 0.148562 0.508393 0.145367 0.513189 0.145367 0.537170 0.148562 0.544365 0.148562 0.553957 0.150160 0.556355 0.150160 0.563549 0.148562 0.565947 0.148562 0.573141 0.146965 0.575540 0.146965 0.580336 0.138978 0.594724 0.138978 0.604317 0.142173 0.613909 0.146965 0.621103 0.150160 0.623501 0.150160 0.625899 0.154952 0.635492 0.158147 0.637890 0.161342 0.635492 0.164537 0.642686 0.169329 0.645084 0.172524 0.649880 0.177316 0.649880 0.178914 0.652278 0.182109 0.652278 0.185304 0.649880 0.190096 0.642686 0.193291 0.642686 0.193291 0.640288 0.196486 0.635492 0.204473 0.630695 0.212460 0.618705 0.214058 0.618705 0.223642 0.599520 0.225240 0.599520 0.231629 0.592326 0.239617 0.594724 0.239617 0.589928 0.242812 0.585132 0.242812 0.577938 0.246006 0.573141 0.246006 0.553957 0.244409 0.551559 0.244409 0.541966 0.236422 0.529976 0.233227 0.529976 0.228435 0.525180 0.225240 0.525180 0.214058 0.510791 0.212460 0.510791 0.207668 0.503597 0.207668 0.501199 0.202875 0.498801 0.199681 0.494005 0.193291 0.489209 0.186901 0.489209 0.185304 0.486811 0.182109 0.486811 0.180511 0.489209 0.178914 0.486811 0.175719 0.486811 0.174121 0.489209
1 0.412141 0.705036 0.412141 0.729017 0.413738 0.731415 0.413738 0.738609 0.415335 0.741007 0.415335 0.748201 0.416933 0.750600 0.416933 0.752998 0.418530 0.755396 0.420128 0.762590 0.421725 0.764988 0.426518 0.764988 0.428115 0.767386 0.426518 0.769784 0.424920 0.769784 0.424920 0.774580 0.426518 0.774580 0.429712 0.779376 0.423323 0.788969 0.423323 0.796163 0.421725 0.798561 0.421725 0.803357 0.420128 0.805755 0.420128 0.815348 0.424920 0.822542 0.431310 0.822542 0.432907 0.820144 0.434505 0.820144 0.440895 0.810552 0.444089 0.810552 0.450479 0.820144 0.450479 0.788969 0.452077 0.786571 0.452077 0.779376 0.450479 0.776978 0.450479 0.772182 0.448882 0.769784 0.448882 0.764988 0.450479 0.762590 0.452077 0.762590 0.453674 0.764988 0.453674 0.767386 0.453674 0.764988 0.456869 0.760192 0.458466 0.760192 0.455272 0.755396 0.455272 0.752998 0.453674 0.750600 0.453674 0.741007 0.455272 0.738609 0.455272 0.733813 0.453674 0.731415 0.455272 0.729017 0.455272 0.717026 0.456869 0.714628 0.456869 0.707434 0.452077 0.707434 0.450479 0.709832 0.442492 0.709832 0.440895 0.712230 0.426518 0.712230 0.424920 0.709832 0.418530 0.709832 0.416933 0.707434 0.413738 0.707434
1 0.857827 0.498801 0.854633 0.498801 0.853035 0.496403 0.848243 0.496403 0.846645 0.498801 0.841853 0.498801 0.837061 0.505995 0.837061 0.508393 0.835463 0.510791 0.835463 0.532374 0.833866 0.534772 0.833866 0.539568 0.835463 0.541966 0.835463 0.546763 0.838658 0.551559 0.838658 0.556355 0.840256 0.558753 0.840256 0.563549 0.845048 0.563549 0.846645 0.561151 0.848243 0.561151 0.851438 0.556355 0.853035 0.556355 0.856230 0.551559 0.856230 0.549161 0.857827 0.546763 0.857827 0.537170 0.861022 0.532374 0.862620 0.532374 0.864217 0.529976 0.867412 0.534772 0.869010 0.534772 0.870607 0.537170 0.870607 0.541966 0.872204 0.544365 0.872204 0.546763 0.872204 0.532374 0.873802 0.529976 0.873802 0.517986 0.872204 0.515588 0.872204 0.513189 0.867412 0.513189 0.865815 0.510791 0.865815 0.508393 0.864217 0.505995 0.862620 0.505995
1 0.972843 0.834532 0.969649 0.839329 0.968051 0.839329 0.961661 0.848921 0.961661 0.863309 0.963259 0.865707 0.963259 0.868106 0.966454 0.872902 0.968051 0.872902 0.969649 0.875300 0.972843 0.875300 0.974441 0.877698 0.977636 0.877698 0.979233 0.875300 0.982428 0.875300 0.984026 0.872902 0.985623 0.872902 0.987220 0.870504 0.987220 0.868106 0.988818 0.865707 0.988818 0.851319 0.987220 0.848921 0.987220 0.844125 0.985623 0.841727 0.980831 0.841727 0.979233 0.839329 0.977636 0.839329 0.974441 0.834532
1 0.920128 0.513189 0.913738 0.522782 0.913738 0.539568 0.915335 0.541966 0.915335 0.544365 0.920128 0.551559 0.921725 0.551559 0.923323 0.553957 0.924920 0.553957 0.926518 0.556355 0.929712 0.556355 0.931310 0.553957 0.934505 0.553957 0.940895 0.544365 0.940895 0.541966 0.942492 0.539568 0.942492 0.522782 0.940895 0.520384 0.940895 0.517986 0.939297 0.517986 0.937700 0.515588 0.936102 0.515588 0.934505 0.513189
0 0.784345 0.388489 0.784345 0.400480 0.785942 0.402878 0.785942 0.405276 0.787540 0.405276 0.792332 0.412470 0.792332 0.419664 0.795527 0.426859 0.797125 0.426859 0.801917 0.434053 0.805112 0.434053 0.806709 0.436451 0.813099 0.436451 0.816294 0.441247 0.816294 0.443645 0.819489 0.443645 0.821086 0.441247 0.824281 0.441247 0.827476 0.446043 0.827476 0.448441 0.829073 0.450839 0.830671 0.450839 0.833866 0.455635 0.835463 0.455635 0.837061 0.453237 0.838658 0.455635 0.849840 0.455635 0.854633 0.448441 0.854633 0.446043 0.859425 0.438849 0.861022 0.438849 0.861022 0.434053 0.859425 0.431655 0.859425 0.429257 0.861022 0.426859 0.861022 0.419664 0.856230 0.426859 0.853035 0.419664 0.853035 0.414868 0.849840 0.410072 0.849840 0.405276 0.851438 0.402878 0.848243 0.398082 0.846645 0.398082 0.841853 0.393285 0.832268 0.393285 0.829073 0.398082 0.827476 0.395683 0.824281 0.395683 0.822684 0.398082 0.821086 0.398082 0.808307 0.378897 0.803514 0.378897 0.801917 0.376499 0.800319 0.378897 0.792332 0.378897 0.790735 0.381295 0.789137 0.381295
0 0.857827 0.429257 0.857827 0.431655 0.859425 0.434053 0.859425 0.438849 0.862620 0.443645 0.869010 0.443645 0.872204 0.448441 0.876997 0.448441 0.878594 0.450839 0.880192 0.450839 0.883387 0.455635 0.883387 0.460432 0.888179 0.460432 0.891374 0.455635 0.900958 0.455635 0.905751 0.462830 0.915335 0.462830 0.916933 0.460432 0.918530 0.460432 0.918530 0.446043 0.915335 0.441247 0.908946 0.441247 0.907348 0.438849 0.904153 0.438849 0.902556 0.436451 0.899361 0.436451 0.897764 0.434053 0.894569 0.434053 0.892971 0.436451 0.875399 0.436451 0.873802 0.434053 0.873802 0.431655 0.872204 0.429257 0.872204 0.426859 0.869010 0.426859 0.867412 0.424460 0.865815 0.424460 0.864217 0.422062 0.862620 0.424460 0.859425 0.424460 0.859425 0.426859
0 0.121406 0.000000 0.121406 0.014388 0.123003 0.016787 0.123003 0.026379 0.126198 0.031175 0.126198 0.033573 0.130990 0.040767 0.132588 0.040767 0.134185 0.043165 0.134185 0.045564 0.135783 0.047962 0.140575 0.047962 0.142173 0.050360 0.151757 0.050360 0.153355 0.052758 0.154952 0.050360 0.158147 0.050360 0.159744 0.052758 0.169329 0.052758 0.170927 0.050360 0.175719 0.050360 0.177316 0.052758 0.178914 0.050360 0.182109 0.050360 0.183706 0.052758 0.186901 0.052758 0.188498 0.050360 0.190096 0.052758 0.194888 0.052758 0.196486 0.050360 0.198083 0.052758 0.199681 0.052758 0.201278 0.050360 0.206070 0.050360 0.207668 0.052758 0.209265 0.050360 0.212460 0.050360 0.214058 0.047962 0.220447 0.047962 0.222045 0.045564 0.223642 0.045564 0.223642 0.035971 0.225240 0.033573 0.225240 0.023981 0.223642 0.021583 0.223642 0.011990 0.220447 0.007194 0.220447 0.000000
1 0.808307 0.791367 0.801917 0.791367 0.800319 0.788969 0.797125 0.788969 0.795527 0.791367 0.793930 0.791367 0.792332 0.793765 0.790735 0.793765 0.789137 0.796163 0.787540 0.796163 0.787540 0.798561 0.785942 0.800959 0.781150 0.800959 0.777955 0.796163 0.777955 0.798561 0.776358 0.800959 0.776358 0.810552 0.774760 0.812950 0.777955 0.817746 0.777955 0.822542 0.781150 0.827338 0.782748 0.827338 0.784345 0.829736 0.784345 0.832134 0.787540 0.836930 0.789137 0.836930 0.793930 0.844125 0.793930 0.841727 0.795527 0.839329 0.795527 0.836930 0.793930 0.834532 0.793930 0.832134 0.792332 0.829736 0.792332 0.824940 0.793930 0.822542 0.803514 0.822542 0.805112 0.824940 0.806709 0.824940 0.809904 0.829736 0.809904 0.824940 0.811502 0.822542 0.811502 0.798561 0.813099 0.796163 0.811502 0.793765 0.809904 0.793765
1 0.801917 0.625899 0.800319 0.628297 0.798722 0.628297 0.797125 0.630695 0.797125 0.633094 0.795527 0.635492 0.795527 0.640288 0.793930 0.642686 0.793930 0.645084 0.795527 0.647482 0.795527 0.649880 0.792332 0.654676 0.792332 0.666667 0.790735 0.669065 0.789137 0.669065 0.789137 0.671463 0.785942 0.676259 0.784345 0.673861 0.774760 0.673861 0.773163 0.676259 0.773163 0.678657 0.769968 0.683453 0.769968 0.700240 0.773163 0.705036 0.774760 0.705036 0.776358 0.707434 0.779553 0.707434 0.781150 0.709832 0.789137 0.709832 0.795527 0.700240 0.797125 0.700240 0.798722 0.697842 0.800319 0.697842 0.801917 0.695444 0.801917 0.693046 0.803514 0.690647 0.803514 0.671463 0.805112 0.669065 0.805112 0.666667 0.806709 0.664269 0.806709 0.659472 0.808307 0.657074 0.808307 0.652278 0.806709 0.649880 0.806709 0.642686 0.808307 0.640288 0.808307 0.637890 0.806709 0.635492 0.806709 0.633094
0 0.785942 0.028777 0.782748 0.028777 0.781150 0.031175 0.776358 0.031175 0.774760 0.033573 0.773163 0.033573 0.771565 0.035971 0.771565 0.038369 0.769968 0.040767 0.769968 0.045564 0.773163 0.050360 0.773163 0.052758 0.774760 0.052758 0.776358 0.055156 0.785942 0.055156 0.792332 0.045564 0.792332 0.038369
0 0.752396 0.131894 0.753994 0.131894 0.755591 0.134293 0.768371 0.134293 0.769968 0.136691 0.771565 0.136691 0.773163 0.134293 0.774760 0.134293 0.776358 0.131894 0.776358 0.129496 0.774760 0.129496 0.773163 0.127098 0.763578 0.127098 0.761981 0.129496 0.757188 0.129496 0.755591 0.131894
