1 0.434286 0.148438 0.431429 0.152344 0.425714 0.152344 0.422857 0.156250 0.417143 0.156250 0.414286 0.160156 0.411429 0.160156 0.405714 0.167969 0.402857 0.167969 0.394286 0.179688 0.394286 0.183594 0.388571 0.191406 0.388571 0.195312 0.385714 0.199219 0.385714 0.207031 0.382857 0.210938 0.382857 0.257812 0.385714 0.261719 0.385714 0.269531 0.388571 0.273438 0.388571 0.281250 0.397143 0.292969 0.397143 0.296875 0.402857 0.304688 0.405714 0.304688 0.411429 0.312500 0.414286 0.312500 0.417143 0.316406 0.422857 0.316406 0.425714 0.320312 0.460000 0.320312 0.462857 0.316406 0.468571 0.316406 0.471429 0.312500 0.474286 0.312500 0.480000 0.304688 0.482857 0.304688 0.494286 0.289062 0.494286 0.285156 0.500000 0.277344 0.500000 0.273438 0.505714 0.265625 0.505714 0.257812 0.508571 0.253906 0.508571 0.203125 0.500000 0.191406 0.497143 0.191406 0.494286 0.187500 0.485714 0.187500 0.477143 0.175781 0.474286 0.175781 0.457143 0.152344 0.451429 0.152344 0.448571 0.148438
1 0.282857 0.054688 0.268571 0.074219 0.268571 0.078125 0.265714 0.082031 0.265714 0.089844 0.262857 0.093750 0.262857 0.101562 0.265714 0.105469 0.265714 0.113281 0.271429 0.121094 0.271429 0.125000 0.280000 0.136719 0.282857 0.136719 0.288571 0.144531 0.291429 0.144531 0.294286 0.148438 0.297143 0.148438 0.300000 0.152344 0.300000 0.156250 0.308571 0.167969 0.308571 0.171875 0.311429 0.175781 0.322857 0.175781 0.328571 0.183594 0.340000 0.183594 0.342857 0.187500 0.354286 0.187500 0.362857 0.175781 0.362857 0.171875 0.368571 0.164062 0.368571 0.156250 0.371429 0.152344 0.371429 0.113281 0.368571 0.109375 0.368571 0.101562 0.365714 0.097656 0.365714 0.093750 0.362857 0.089844 0.362857 0.085938 0.360000 0.082031 0.360000 0.078125 0.345714 0.058594 0.334286 0.058594 0.331429 0.054688 0.322857 0.054688 0.320000 0.050781 0.314286 0.050781 0.311429 0.046875 0.308571 0.046875 0.305714 0.042969 0.302857 0.042969 0.300000 0.046875 0.291429 0.046875 0.285714 0.054688
1 0.542857 0.144531 0.531429 0.160156 0.528571 0.160156 0.525714 0.164062 0.525714 0.175781 0.528571 0.179688 0.528571 0.187500 0.531429 0.191406 0.531429 0.195312 0.534286 0.199219 0.534286 0.207031 0.537143 0.210938 0.537143 0.214844 0.540000 0.218750 0.540000 0.222656 0.542857 0.226562 0.542857 0.230469 0.548571 0.238281 0.548571 0.242188 0.551429 0.246094 0.551429 0.250000 0.557143 0.257812 0.560000 0.257812 0.562857 0.261719 0.565714 0.261719 0.568571 0.265625 0.580000 0.265625 0.585714 0.257812 0.585714 0.253906 0.591429 0.246094 0.591429 0.238281 0.594286 0.234375 0.594286 0.226562 0.597143 0.222656 0.597143 0.195312 0.594286 0.191406 0.594286 0.183594 0.591429 0.183594 0.588571 0.179688 0.585714 0.179688 0.582857 0.175781 0.580000 0.175781 0.574286 0.167969 0.571429 0.167969 0.565714 0.160156 0.562857 0.160156 0.560000 0.156250 0.557143 0.156250 0.551429 0.148438 0.548571 0.148438 0.545714 0.144531
1 0.597143 0.343750 0.594286 0.347656 0.591429 0.347656 0.585714 0.355469 0.582857 0.355469 0.568571 0.375000 0.568571 0.390625 0.565714 0.394531 0.565714 0.402344 0.568571 0.406250 0.568571 0.421875 0.571429 0.425781 0.571429 0.429688 0.577143 0.437500 0.580000 0.437500 0.582857 0.441406 0.588571 0.441406 0.591429 0.445312 0.594286 0.445312 0.597143 0.449219 0.600000 0.449219 0.602857 0.453125 0.605714 0.453125 0.608571 0.457031 0.611429 0.457031 0.614286 0.460938 0.617143 0.460938 0.620000 0.464844 0.625714 0.464844 0.628571 0.468750 0.631429 0.468750 0.642857 0.484375 0.645714 0.480469 0.648571 0.480469 0.654286 0.472656 0.657143 0.472656 0.662857 0.464844 0.662857 0.460938 0.665714 0.457031 0.665714 0.453125 0.668571 0.449219 0.668571 0.445312 0.671429 0.441406 0.671429 0.429688 0.674286 0.425781 0.674286 0.406250 0.671429 0.402344 0.671429 0.390625 0.668571 0.386719 0.668571 0.382812 0.665714 0.378906 0.665714 0.375000 0.662857 0.371094 0.640000 0.371094 0.637143 0.367188 0.634286 0.367188 0.620000 0.347656 0.617143 0.347656 0.614286 0.343750
1 0.485714 0.406250 0.480000 0.406250 0.477143 0.402344 0.451429 0.402344 0.448571 0.406250 0.440000 0.406250 0.437143 0.410156 0.434286 0.410156 0.425714 0.421875 0.422857 0.421875 0.411429 0.437500 0.411429 0.441406 0.405714 0.449219 0.405714 0.453125 0.402857 0.457031 0.402857 0.460938 0.400000 0.464844 0.400000 0.511719 0.402857 0.515625 0.402857 0.519531 0.405714 0.523438 0.405714 0.527344 0.414286 0.539062 0.414286 0.542969 0.417143 0.542969 0.422857 0.550781 0.425714 0.550781 0.431429 0.558594 0.434286 0.558594 0.437143 0.562500 0.457143 0.562500 0.460000 0.558594 0.477143 0.558594 0.480000 0.554688 0.482857 0.554688 0.485714 0.550781 0.491429 0.550781 0.497143 0.542969 0.500000 0.542969 0.502857 0.539062 0.502857 0.535156 0.505714 0.531250 0.508571 0.531250 0.511429 0.527344 0.511429 0.523438 0.514286 0.519531 0.514286 0.515625 0.517143 0.511719 0.517143 0.503906 0.520000 0.500000 0.520000 0.484375 0.505714 0.464844 0.505714 0.460938 0.500000 0.453125 0.500000 0.449219 0.497143 0.445312 0.497143 0.441406 0.494286 0.437500 0.494286 0.429688 0.491429 0.425781 0.491429 0.417969 0.488571 0.414062 0.488571 0.410156
0 0.448571 0.570312 0.445714 0.574219 0.440000 0.574219 0.420000 0.601562 0.420000 0.605469 0.417143 0.609375 0.417143 0.613281 0.414286 0.617188 0.414286 0.625000 0.411429 0.628906 0.411429 0.660156 0.414286 0.664062 0.414286 0.675781 0.417143 0.679688 0.417143 0.683594 0.428571 0.699219 0.431429 0.699219 0.437143 0.707031 0.440000 0.707031 0.442857 0.710938 0.448571 0.710938 0.451429 0.714844 0.457143 0.714844 0.460000 0.710938 0.462857 0.710938 0.465714 0.707031 0.468571 0.707031 0.471429 0.703125 0.474286 0.703125 0.477143 0.699219 0.482857 0.699219 0.485714 0.695312 0.491429 0.695312 0.494286 0.691406 0.500000 0.691406 0.505714 0.683594 0.508571 0.683594 0.514286 0.675781 0.514286 0.671875 0.517143 0.667969 0.517143 0.664062 0.520000 0.660156 0.520000 0.652344 0.522857 0.648438 0.522857 0.613281 0.520000 0.609375 0.520000 0.605469 0.514286 0.605469 0.511429 0.601562 0.505714 0.601562 0.502857 0.597656 0.497143 0.597656 0.494286 0.593750 0.491429 0.593750 0.485714 0.585938 0.482857 0.585938 0.477143 0.578125 0.474286 0.578125 0.471429 0.574219 0.465714 0.574219 0.462857 0.570312
0 0.488571 0.699219 0.485714 0.703125 0.480000 0.703125 0.477143 0.707031 0.474286 0.707031 0.471429 0.710938 0.468571 0.710938 0.465714 0.714844 0.462857 0.714844 0.451429 0.730469 0.451429 0.734375 0.448571 0.738281 0.448571 0.742188 0.445714 0.746094 0.445714 0.753906 0.442857 0.757812 0.442857 0.777344 0.440000 0.781250 0.442857 0.785156 0.442857 0.804688 0.445714 0.808594 0.445714 0.812500 0.448571 0.816406 0.448571 0.820312 0.451429 0.824219 0.451429 0.828125 0.457143 0.835938 0.457143 0.839844 0.460000 0.839844 0.465714 0.847656 0.468571 0.847656 0.471429 0.851562 0.474286 0.851562 0.477143 0.855469 0.491429 0.855469 0.494286 0.859375 0.500000 0.859375 0.502857 0.855469 0.520000 0.855469 0.522857 0.851562 0.525714 0.851562 0.540000 0.832031 0.540000 0.828125 0.542857 0.824219 0.542857 0.820312 0.545714 0.816406 0.545714 0.812500 0.548571 0.808594 0.548571 0.796875 0.551429 0.792969 0.551429 0.773438 0.548571 0.769531 0.548571 0.753906 0.545714 0.750000 0.545714 0.742188 0.542857 0.738281 0.542857 0.734375 0.540000 0.730469 0.540000 0.726562 0.537143 0.722656 0.531429 0.722656 0.525714 0.714844 0.522857 0.714844 0.520000 0.710938 0.517143 0.710938 0.511429 0.703125 0.508571 0.703125 0.505714 0.699219
0 0.591429 0.710938 0.588571 0.714844 0.588571 0.718750 0.585714 0.722656 0.582857 0.722656 0.582857 0.726562 0.580000 0.730469 0.580000 0.734375 0.577143 0.738281 0.577143 0.761719 0.580000 0.765625 0.585714 0.765625 0.588571 0.769531 0.588571 0.777344 0.600000 0.792969 0.600000 0.796875 0.605714 0.804688 0.605714 0.808594 0.608571 0.812500 0.608571 0.816406 0.611429 0.820312 0.611429 0.832031 0.614286 0.835938 0.614286 0.847656 0.620000 0.855469 0.642857 0.855469 0.645714 0.851562 0.648571 0.851562 0.651429 0.847656 0.654286 0.847656 0.662857 0.835938 0.662857 0.832031 0.668571 0.824219 0.668571 0.820312 0.674286 0.812500 0.674286 0.773438 0.671429 0.769531 0.671429 0.761719 0.668571 0.757812 0.668571 0.753906 0.662857 0.746094 0.662857 0.742188 0.654286 0.730469 0.651429 0.730469 0.648571 0.726562 0.640000 0.726562 0.637143 0.730469 0.631429 0.730469 0.628571 0.734375 0.625714 0.734375 0.625714 0.738281 0.620000 0.746094 0.614286 0.746094 0.611429 0.750000 0.608571 0.746094 0.608571 0.722656 0.602857 0.714844 0.597143 0.714844 0.594286 0.718750 0.591429 0.714844
0 0.562857 0.785156 0.560000 0.789062 0.557143 0.789062 0.554286 0.792969 0.554286 0.796875 0.551429 0.800781 0.551429 0.808594 0.548571 0.812500 0.548571 0.816406 0.545714 0.820312 0.545714 0.824219 0.542857 0.828125 0.542857 0.832031 0.531429 0.847656 0.531429 0.851562 0.528571 0.855469 0.528571 0.867188 0.531429 0.871094 0.531429 0.875000 0.542857 0.890625 0.545714 0.890625 0.548571 0.894531 0.554286 0.894531 0.557143 0.898438 0.588571 0.898438 0.591429 0.894531 0.594286 0.894531 0.605714 0.878906 0.605714 0.875000 0.608571 0.871094 0.608571 0.863281 0.611429 0.859375 0.611429 0.832031 0.608571 0.828125 0.608571 0.820312 0.605714 0.816406 0.605714 0.808594 0.600000 0.800781 0.600000 0.796875 0.597143 0.796875 0.591429 0.789062 0.588571 0.789062 0.585714 0.785156
0 0.325714 0.187500 0.322857 0.191406 0.320000 0.191406 0.317143 0.195312 0.314286 0.195312 0.308571 0.203125 0.302857 0.203125 0.297143 0.210938 0.297143 0.214844 0.294286 0.218750 0.294286 0.226562 0.291429 0.230469 0.291429 0.253906 0.294286 0.257812 0.294286 0.261719 0.297143 0.265625 0.297143 0.269531 0.300000 0.269531 0.302857 0.273438 0.302857 0.277344 0.305714 0.281250 0.308571 0.281250 0.314286 0.289062 0.320000 0.289062 0.322857 0.292969 0.342857 0.292969 0.345714 0.289062 0.348571 0.289062 0.354286 0.281250 0.357143 0.281250 0.365714 0.269531 0.365714 0.265625 0.368571 0.261719 0.368571 0.222656 0.365714 0.218750 0.365714 0.214844 0.362857 0.210938 0.362857 0.207031 0.354286 0.195312 0.348571 0.195312 0.345714 0.191406 0.342857 0.191406 0.340000 0.187500
0 0.157143 0.117188 0.151429 0.125000 0.151429 0.128906 0.148571 0.132812 0.148571 0.136719 0.137143 0.152344 0.131429 0.152344 0.128571 0.156250 0.122857 0.156250 0.120000 0.160156 0.114286 0.160156 0.114286 0.164062 0.117143 0.167969 0.117143 0.171875 0.120000 0.175781 0.120000 0.179688 0.122857 0.183594 0.122857 0.187500 0.125714 0.191406 0.125714 0.195312 0.131429 0.203125 0.131429 0.207031 0.134286 0.210938 0.134286 0.214844 0.137143 0.218750 0.137143 0.222656 0.142857 0.230469 0.142857 0.234375 0.145714 0.238281 0.145714 0.242188 0.148571 0.246094 0.148571 0.250000 0.157143 0.261719 0.177143 0.261719 0.191429 0.242188 0.191429 0.175781 0.194286 0.171875 0.194286 0.164062 0.197143 0.160156 0.197143 0.148438 0.194286 0.144531 0.194286 0.140625 0.188571 0.132812 0.185714 0.132812 0.180000 0.125000 0.177143 0.125000 0.174286 0.121094 0.171429 0.121094 0.168571 0.117188
0 0.220000 0.132812 0.211429 0.144531 0.208571 0.144531 0.202857 0.152344 0.202857 0.156250 0.197143 0.164062 0.197143 0.171875 0.194286 0.175781 0.194286 0.218750 0.197143 0.222656 0.197143 0.234375 0.202857 0.242188 0.202857 0.246094 0.205714 0.250000 0.208571 0.250000 0.211429 0.253906 0.220000 0.253906 0.222857 0.257812 0.225714 0.257812 0.228571 0.261719 0.234286 0.261719 0.237143 0.265625 0.240000 0.265625 0.242857 0.269531 0.262857 0.269531 0.265714 0.265625 0.271429 0.265625 0.271429 0.261719 0.274286 0.257812 0.277143 0.257812 0.280000 0.253906 0.280000 0.250000 0.282857 0.246094 0.282857 0.242188 0.285714 0.238281 0.285714 0.234375 0.288571 0.230469 0.288571 0.222656 0.291429 0.218750 0.291429 0.183594 0.288571 0.179688 0.288571 0.171875 0.285714 0.167969 0.285714 0.164062 0.271429 0.144531 0.268571 0.144531 0.262857 0.136719 0.242857 0.136719 0.240000 0.132812
0 0.137143 0.000000 0.045714 0.000000 0.045714 0.003906 0.040000 0.011719 0.040000 0.019531 0.031429 0.039062 0.031429 0.046875 0.014286 0.066406 0.014286 0.070312 0.011429 0.074219 0.011429 0.089844 0.002857 0.101562 0.000000 0.097656 0.000000 0.195312 0.008571 0.183594 0.008571 0.179688 0.017143 0.171875 0.017143 0.164062 0.020000 0.160156 0.020000 0.156250 0.028571 0.148438 0.031429 0.148438 0.042857 0.164062 0.045714 0.164062 0.048571 0.167969 0.054286 0.167969 0.057143 0.164062 0.060000 0.167969 0.062857 0.164062 0.071429 0.171875 0.074286 0.167969 0.077143 0.171875 0.085714 0.171875 0.082857 0.167969 0.088571 0.160156 0.094286 0.160156 0.091429 0.156250 0.091429 0.144531 0.094286 0.140625 0.100000 0.148438 0.111429 0.148438 0.114286 0.144531 0.114286 0.136719 0.117143 0.132812 0.122857 0.132812 0.125714 0.128906 0.128571 0.132812 0.128571 0.128906 0.131429 0.125000 0.128571 0.121094 0.128571 0.125000 0.125714 0.128906 0.117143 0.128906 0.114286 0.125000 0.114286 0.121094 0.120000 0.113281 0.122857 0.113281 0.122857 0.101562 0.125714 0.097656 0.128571 0.101562 0.125714 0.097656 0.134286 0.085938 0.125714 0.078125 0.125714 0.074219 0.122857 0.070312 0.125714 0.066406 0.111429 0.042969 0.114286 0.039062 0.108571 0.031250 0.111429 0.027344 0.114286 0.027344
0 0.182857 0.027344 0.177143 0.035156 0.177143 0.039062 0.182857 0.039062 0.188571 0.046875 0.182857 0.054688 0.180000 0.054688 0.171429 0.066406 0.171429 0.070312 0.168571 0.074219 0.168571 0.113281 0.171429 0.117188 0.174286 0.117188 0.177143 0.121094 0.180000 0.121094 0.188571 0.132812 0.191429 0.132812 0.200000 0.144531 0.200000 0.148438 0.202857 0.148438 0.214286 0.132812 0.217143 0.132812 0.220000 0.128906 0.222857 0.128906 0.225714 0.125000 0.240000 0.125000 0.242857 0.121094 0.242857 0.117188 0.248571 0.109375 0.248571 0.042969 0.245714 0.039062 0.245714 0.035156 0.242857 0.035156 0.237143 0.042969 0.234286 0.042969 0.231429 0.039062 0.228571 0.042969 0.222857 0.042969 0.220000 0.039062 0.217143 0.039062 0.214286 0.035156 0.211429 0.035156 0.208571 0.031250 0.197143 0.031250 0.194286 0.027344
1 0.582857 0.515625 0.571429 0.531250 0.571429 0.550781 0.580000 0.562500 0.582857 0.562500 0.588571 0.570312 0.591429 0.570312 0.594286 0.574219 0.597143 0.574219 0.602857 0.582031 0.605714 0.582031 0.611429 0.589844 0.611429 0.593750 0.614286 0.597656 0.614286 0.605469 0.611429 0.609375 0.605714 0.601562 0.602857 0.601562 0.591429 0.585938 0.588571 0.585938 0.580000 0.574219 0.574286 0.574219 0.571429 0.570312 0.565714 0.582031 0.565714 0.617188 0.568571 0.621094 0.568571 0.628906 0.577143 0.640625 0.585714 0.644531 0.591429 0.652344 0.597143 0.652344 0.600000 0.656250 0.605714 0.656250 0.608571 0.660156 0.614286 0.660156 0.617143 0.664062 0.622857 0.664062 0.625714 0.660156 0.642857 0.660156 0.645714 0.656250 0.648571 0.656250 0.671429 0.625000 0.671429 0.621094 0.674286 0.617188 0.674286 0.566406 0.671429 0.562500 0.668571 0.550781 0.662857 0.542969 0.648571 0.542969 0.645714 0.539062 0.628571 0.539062 0.625714 0.535156 0.622857 0.535156 0.620000 0.531250 0.620000 0.527344 0.605714 0.507812 0.597143 0.507812 0.594286 0.511719 0.588571 0.511719 0.585714 0.515625
