1 0.882857 0.225714 0.878571 0.231429 0.875714 0.242857 0.875714 0.257143 0.877143 0.260000 0.875714 0.277143 0.858571 0.305714 0.840000 0.320000 0.828571 0.320000 0.824286 0.314286 0.818571 0.314286 0.814286 0.322857 0.807143 0.348571 0.807143 0.394286 0.810000 0.411429 0.815714 0.428571 0.825714 0.448571 0.835714 0.460000 0.840000 0.468571 0.857143 0.485714 0.875714 0.494286 0.887143 0.505714 0.910000 0.508571 0.917143 0.500000 0.920000 0.500000 0.928571 0.485714 0.935714 0.480000 0.947143 0.454286 0.952857 0.417143 0.952857 0.360000 0.948571 0.331429 0.942857 0.314286 0.942857 0.308571 0.935714 0.288571 0.927143 0.271429 0.917143 0.257143 0.912857 0.254286 0.900000 0.234286 0.897143 0.234286 0.890000 0.225714
1 0.732857 0.065714 0.734286 0.068571 0.734286 0.097143 0.731429 0.108571 0.725714 0.120000 0.717143 0.128571 0.708571 0.145714 0.697143 0.157143 0.684286 0.157143 0.681429 0.162857 0.665714 0.162857 0.662857 0.165714 0.662857 0.182857 0.670000 0.205714 0.670000 0.220000 0.672857 0.231429 0.697143 0.260000 0.700000 0.268571 0.702857 0.288571 0.715714 0.328571 0.720000 0.351429 0.730000 0.371429 0.745714 0.377143 0.747143 0.380000 0.761429 0.380000 0.787143 0.357143 0.794286 0.340000 0.794286 0.334286 0.804286 0.311429 0.812857 0.260000 0.814286 0.200000 0.810000 0.171429 0.804286 0.151429 0.787143 0.114286 0.771429 0.091429 0.767143 0.091429 0.755714 0.077143 0.740000 0.065714
1 0.782857 0.057143 0.782857 0.065714 0.787143 0.074286 0.817143 0.102857 0.821429 0.100000 0.828571 0.105714 0.841429 0.105714 0.842857 0.108571 0.867143 0.108571 0.870000 0.114286 0.892857 0.117143 0.898571 0.122857 0.904286 0.122857 0.910000 0.131429 0.915714 0.131429 0.917143 0.134286 0.921429 0.134286 0.924286 0.131429 0.925714 0.125714 0.925714 0.114286 0.927143 0.111429 0.927143 0.077143 0.925714 0.074286 0.922857 0.045714 0.918571 0.034286 0.917143 0.020000 0.912857 0.011429 0.910000 0.000000 0.840000 0.000000 0.842857 0.014286 0.845714 0.014286 0.850000 0.020000 0.860000 0.022857 0.867143 0.034286 0.871429 0.034286 0.875714 0.042857 0.872857 0.048571 0.868571 0.048571 0.867143 0.045714 0.851429 0.045714 0.850000 0.042857 0.845714 0.045714 0.844286 0.042857 0.832857 0.042857 0.831429 0.040000 0.820000 0.040000 0.814286 0.045714 0.804286 0.045714 0.802857 0.042857 0.795714 0.042857 0.790000 0.037143
1 0.072857 0.000000 0.068571 0.008571 0.068571 0.014286 0.064286 0.025714 0.058571 0.051429 0.057143 0.074286 0.052857 0.102857 0.052857 0.120000 0.051429 0.122857 0.052857 0.168571 0.054286 0.171429 0.055714 0.191429 0.060000 0.217143 0.070000 0.257143 0.075714 0.268571 0.107143 0.271429 0.138571 0.297143 0.144286 0.297143 0.145714 0.300000 0.154286 0.291429 0.158571 0.282857 0.160000 0.265714 0.165714 0.260000 0.165714 0.254286 0.171429 0.242857 0.171429 0.237143 0.174286 0.228571 0.172857 0.222857 0.178571 0.214286 0.182857 0.200000 0.188571 0.194286 0.194286 0.174286 0.200000 0.165714 0.200000 0.160000 0.178571 0.131429 0.158571 0.091429 0.152857 0.065714 0.150000 0.060000 0.145714 0.034286 0.147143 0.022857 0.141429 0.008571 0.140000 0.000000
1 0.554286 0.628571 0.552857 0.651429 0.558571 0.660000 0.561429 0.697143 0.558571 0.702857 0.541429 0.711429 0.528571 0.705714 0.515714 0.708571 0.505714 0.720000 0.521429 0.740000 0.524286 0.737143 0.541429 0.745714 0.554286 0.765714 0.551429 0.791429 0.545714 0.802857 0.545714 0.825714 0.548571 0.831429 0.542857 0.845714 0.542857 0.854286 0.537143 0.862857 0.532857 0.860000 0.530000 0.897143 0.532857 0.905714 0.535714 0.902857 0.540000 0.911429 0.544286 0.902857 0.548571 0.911429 0.548571 0.902857 0.551429 0.900000 0.548571 0.868571 0.555714 0.862857 0.560000 0.871429 0.558571 0.854286 0.565714 0.840000 0.567143 0.822857 0.575714 0.802857 0.582857 0.822857 0.577143 0.828571 0.571429 0.845714 0.574286 0.851429 0.571429 0.874286 0.574286 0.885714 0.567143 0.900000 0.574286 0.917143 0.567143 0.931429 0.558571 0.908571 0.560000 0.900000 0.560000 0.905714 0.555714 0.908571 0.558571 0.911429 0.557143 0.931429 0.562857 0.940000 0.564286 0.928571 0.574286 0.948571 0.571429 0.954286 0.572857 0.957143 0.580000 0.942857 0.582857 0.948571 0.582857 0.937143 0.587143 0.940000 0.591429 0.934286 0.591429 0.882857 0.597143 0.871429 0.600000 0.871429 0.602857 0.882857 0.602857 0.905714 0.598571 0.908571 0.598571 0.917143 0.598571 0.911429 0.602857 0.908571 0.604286 0.891429 0.607143 0.885714 0.610000 0.891429 0.620000 0.868571 0.615714 0.857143 0.617143 0.831429 0.614286 0.822857 0.618571 0.817143 0.621429 0.828571 0.625714 0.814286 0.620000 0.805714 0.615714 0.768571 0.604286 0.728571 0.627143 0.697143 0.624286 0.691429 0.610000 0.691429 0.597143 0.700000 0.585714 0.700000 0.564286 0.634286
1 0.724286 0.565714 0.715714 0.560000 0.702857 0.557143 0.688571 0.540000 0.671429 0.537143 0.670000 0.540000 0.664286 0.540000 0.657143 0.548571 0.650000 0.548571 0.634286 0.557143 0.610000 0.600000 0.608571 0.614286 0.598571 0.645714 0.597143 0.668571 0.600000 0.682857 0.622857 0.685714 0.627143 0.694286 0.627143 0.700000 0.617143 0.720000 0.617143 0.725714 0.621429 0.737143 0.628571 0.771429 0.628571 0.782857 0.631429 0.794286 0.632857 0.817143 0.638571 0.828571 0.645714 0.837143 0.651429 0.834286 0.665714 0.814286 0.674286 0.797143 0.684286 0.785714 0.687143 0.785714 0.688571 0.777143 0.701429 0.754286 0.702857 0.745714 0.705714 0.742857 0.705714 0.737143 0.714286 0.722857 0.715714 0.711429 0.724286 0.714286 0.725714 0.708571 0.722857 0.705714 0.728571 0.694286 0.731429 0.697143 0.730000 0.691429 0.734286 0.682857 0.740000 0.682857 0.738571 0.674286 0.740000 0.662857 0.738571 0.657143 0.741429 0.651429 0.747143 0.648571 0.748571 0.631429 0.741429 0.605714 0.731429 0.585714
1 0.791429 0.628571 0.790000 0.634286 0.795714 0.645714 0.788571 0.654286 0.780000 0.657143 0.767143 0.674286 0.767143 0.680000 0.761429 0.691429 0.761429 0.697143 0.757143 0.705714 0.748571 0.740000 0.745714 0.762857 0.745714 0.780000 0.744286 0.782857 0.745714 0.820000 0.748571 0.828571 0.748571 0.834286 0.751429 0.845714 0.782857 0.908571 0.790000 0.931429 0.798571 0.940000 0.815714 0.948571 0.831429 0.948571 0.861429 0.931429 0.872857 0.917143 0.881429 0.900000 0.891429 0.868571 0.895714 0.837143 0.895714 0.800000 0.894286 0.797143 0.892857 0.774286 0.888571 0.760000 0.881429 0.745714 0.880000 0.737143 0.874286 0.728571 0.874286 0.722857 0.845714 0.674286 0.835714 0.668571 0.830000 0.657143 0.825714 0.657143 0.815714 0.637143 0.811429 0.634286 0.805714 0.637143 0.798571 0.625714 0.794286 0.631429
1 0.530000 0.060000 0.524286 0.060000 0.511429 0.051429 0.485714 0.051429 0.470000 0.062857 0.452857 0.082857 0.440000 0.105714 0.434286 0.122857 0.434286 0.128571 0.428571 0.148571 0.424286 0.185714 0.422857 0.188571 0.422857 0.208571 0.421429 0.211429 0.422857 0.245714 0.430000 0.280000 0.435714 0.291429 0.448571 0.308571 0.452857 0.320000 0.462857 0.337143 0.474286 0.340000 0.475714 0.342857 0.481429 0.342857 0.482857 0.340000 0.500000 0.340000 0.522857 0.302857 0.557143 0.274286 0.557143 0.271429 0.564286 0.260000 0.571429 0.214286 0.571429 0.174286 0.570000 0.171429 0.568571 0.151429 0.557143 0.108571 0.540000 0.071429
1 0.538571 0.054286 0.538571 0.065714 0.545714 0.077143 0.545714 0.080000 0.552857 0.094286 0.552857 0.097143 0.558571 0.108571 0.560000 0.117143 0.562857 0.122857 0.568571 0.145714 0.568571 0.151429 0.571429 0.160000 0.572857 0.188571 0.575714 0.200000 0.615714 0.200000 0.617143 0.197143 0.622857 0.197143 0.628571 0.191429 0.634286 0.191429 0.635714 0.188571 0.640000 0.188571 0.641429 0.185714 0.648571 0.185714 0.650000 0.182857 0.655714 0.180000 0.655714 0.162857 0.654286 0.160000 0.654286 0.151429 0.651429 0.140000 0.648571 0.134286 0.647143 0.122857 0.645714 0.120000 0.645714 0.102857 0.644286 0.100000 0.644286 0.074286 0.642857 0.071429 0.642857 0.062857 0.640000 0.057143 0.638571 0.048571 0.618571 0.011429 0.612857 0.005714 0.611429 0.000000 0.581429 0.000000 0.580000 0.005714 0.572857 0.011429 0.564286 0.028571 0.555714 0.031429 0.552857 0.037143 0.547143 0.040000
1 0.554286 0.282857 0.542857 0.288571 0.522857 0.308571 0.512857 0.322857 0.501429 0.348571 0.487143 0.405714 0.485714 0.434286 0.484286 0.437143 0.485714 0.471429 0.494286 0.534286 0.498571 0.548571 0.508571 0.568571 0.528571 0.591429 0.532857 0.591429 0.548571 0.605714 0.555714 0.605714 0.557143 0.608571 0.578571 0.605714 0.601429 0.591429 0.610000 0.582857 0.628571 0.542857 0.638571 0.508571 0.645714 0.471429 0.645714 0.457143 0.647143 0.454286 0.645714 0.405714 0.637143 0.362857 0.631429 0.345714 0.618571 0.320000 0.605714 0.302857 0.587143 0.285714 0.581429 0.285714 0.580000 0.282857
1 0.098571 0.277143 0.075714 0.277143 0.050000 0.291429 0.027143 0.334286 0.012857 0.394286 0.012857 0.454286 0.021429 0.502857 0.037143 0.542857 0.061429 0.580000 0.060000 0.588571 0.040000 0.628571 0.027143 0.680000 0.024286 0.714286 0.027143 0.791429 0.041429 0.840000 0.058571 0.871429 0.085714 0.891429 0.091429 0.888571 0.131429 0.811429 0.107143 0.722857 0.095714 0.662857 0.092857 0.628571 0.092857 0.571429 0.100000 0.488571 0.122857 0.388571 0.125714 0.365714 0.134286 0.331429 0.140000 0.320000 0.140000 0.311429 0.122857 0.291429
1 0.257143 0.154286 0.198571 0.202857 0.181429 0.237143 0.168571 0.288571 0.148571 0.311429 0.134286 0.342857 0.102857 0.488571 0.094286 0.585714 0.095714 0.642857 0.110000 0.725714 0.130000 0.791429 0.157143 0.860000 0.187143 0.902857 0.245714 0.942857 0.295714 0.951429 0.332857 0.945714 0.401429 0.885714 0.442857 0.822857 0.468571 0.762857 0.488571 0.697143 0.500000 0.620000 0.497143 0.568571 0.485714 0.502857 0.480000 0.411429 0.468571 0.362857 0.445714 0.311429 0.427143 0.288571 0.410000 0.280000 0.398571 0.237143 0.357143 0.171429 0.305714 0.168571 0.277143 0.151429
