1 0.400000 0.418750 0.390000 0.428750 0.386667 0.436250 0.382500 0.442500 0.379167 0.451250 0.378333 0.461250 0.377500 0.462500 0.377500 0.478750 0.378333 0.480000 0.379167 0.486250 0.384167 0.498750 0.394167 0.512500 0.398333 0.515000 0.400000 0.517500 0.408333 0.520000 0.411667 0.522500 0.417500 0.522500 0.418333 0.523750 0.424167 0.523750 0.425000 0.525000 0.431667 0.523750 0.439167 0.517500 0.439167 0.516250 0.445000 0.508750 0.445000 0.507500 0.450000 0.500000 0.455000 0.486250 0.456667 0.467500 0.455833 0.466250 0.455000 0.452500 0.454167 0.451250 0.454167 0.447500 0.452500 0.443750 0.452500 0.441250 0.448333 0.432500 0.440833 0.422500 0.429167 0.415000 0.425833 0.415000 0.425000 0.413750 0.410833 0.413750 0.410000 0.415000 0.406667 0.415000 0.404167 0.417500
1 0.406667 0.527500 0.405833 0.528750 0.400000 0.531250 0.387500 0.551250 0.385833 0.557500 0.383333 0.561250 0.379167 0.573750 0.378333 0.586250 0.377500 0.587500 0.378333 0.588750 0.378333 0.593750 0.380000 0.597500 0.382500 0.600000 0.385000 0.600000 0.385833 0.601250 0.392500 0.601250 0.393333 0.602500 0.400833 0.603750 0.405000 0.607500 0.406667 0.607500 0.411667 0.611250 0.416667 0.618750 0.423333 0.635000 0.425833 0.637500 0.428333 0.637500 0.433333 0.633750 0.439167 0.627500 0.440833 0.622500 0.446667 0.611250 0.449167 0.603750 0.450000 0.592500 0.450833 0.591250 0.450833 0.583750 0.451667 0.582500 0.451667 0.573750 0.450833 0.572500 0.450833 0.568750 0.447500 0.557500 0.444167 0.550000 0.437500 0.538750 0.434167 0.536250 0.431667 0.532500 0.428333 0.530000 0.420833 0.528750 0.420000 0.527500
1 0.990833 0.100000 0.982500 0.098750 0.981667 0.097500 0.972500 0.097500 0.971667 0.098750 0.967500 0.098750 0.961667 0.102500 0.955833 0.108750 0.950833 0.116250 0.946667 0.125000 0.942500 0.140000 0.942500 0.143750 0.941667 0.145000 0.941667 0.162500 0.942500 0.163750 0.942500 0.170000 0.943333 0.171250 0.946667 0.188750 0.949167 0.192500 0.949167 0.193750 0.953333 0.198750 0.954167 0.201250 0.962500 0.210000 0.965000 0.213750 0.966667 0.218750 0.968333 0.218750 0.969167 0.220000 0.975833 0.220000 0.979167 0.217500 0.990000 0.216250 0.995000 0.212500 0.996667 0.210000 0.999167 0.210000 0.999167 0.106250 0.997500 0.106250 0.993333 0.101250 0.991667 0.101250
1 0.266667 0.417500 0.260833 0.437500 0.259167 0.461250 0.260000 0.462500 0.260833 0.475000 0.262500 0.482500 0.265000 0.488750 0.265000 0.491250 0.272500 0.503750 0.275000 0.505000 0.299167 0.506250 0.304167 0.508750 0.316667 0.507500 0.329167 0.495000 0.336667 0.482500 0.338333 0.477500 0.338333 0.473750 0.340000 0.467500 0.340000 0.460000 0.341667 0.452500 0.341667 0.447500 0.340833 0.446250 0.340000 0.437500 0.335000 0.423750 0.321667 0.405000 0.315833 0.400000 0.311667 0.398750 0.309167 0.396250 0.295000 0.396250 0.294167 0.397500 0.290833 0.397500 0.282500 0.405000 0.280000 0.408750 0.275833 0.410000
1 0.278333 0.507500 0.277500 0.508750 0.271667 0.510000 0.266667 0.513750 0.259167 0.523750 0.255833 0.531250 0.251667 0.545000 0.251667 0.558750 0.250833 0.560000 0.250833 0.565000 0.251667 0.566250 0.253333 0.580000 0.258333 0.593750 0.260000 0.596250 0.261667 0.602500 0.267500 0.610000 0.277500 0.617500 0.280000 0.617500 0.280833 0.618750 0.286667 0.618750 0.295000 0.602500 0.298333 0.593750 0.304167 0.585000 0.310833 0.580000 0.323333 0.575000 0.325000 0.572500 0.325000 0.566250 0.325833 0.563750 0.323333 0.555000 0.319167 0.547500 0.318333 0.543750 0.312500 0.535000 0.310000 0.526250 0.310000 0.522500 0.306667 0.516250 0.295833 0.510000 0.292500 0.510000 0.288333 0.507500
1 0.319167 0.577500 0.318333 0.578750 0.315833 0.578750 0.305000 0.585000 0.298333 0.595000 0.294167 0.606250 0.290833 0.611250 0.289167 0.616250 0.289167 0.618750 0.287500 0.622500 0.287500 0.625000 0.286667 0.626250 0.286667 0.642500 0.287500 0.643750 0.287500 0.648750 0.288333 0.650000 0.290000 0.660000 0.295000 0.668750 0.295833 0.672500 0.305000 0.685000 0.317500 0.692500 0.329167 0.692500 0.330000 0.691250 0.333333 0.691250 0.334167 0.690000 0.336667 0.690000 0.337500 0.688750 0.344167 0.686250 0.351667 0.675000 0.355833 0.665000 0.355833 0.660000 0.358333 0.653750 0.359167 0.646250 0.360000 0.645000 0.360000 0.640000 0.360833 0.638750 0.360833 0.633750 0.361667 0.632500 0.361667 0.617500 0.360833 0.616250 0.360833 0.610000 0.359167 0.607500 0.357500 0.600000 0.348333 0.586250 0.335833 0.578750 0.332500 0.578750 0.331667 0.577500
1 0.923333 0.908750 0.919167 0.910000 0.915833 0.906250 0.911667 0.906250 0.908333 0.903750 0.904167 0.903750 0.895833 0.897500 0.890833 0.901250 0.885000 0.901250 0.879167 0.905000 0.876667 0.905000 0.870833 0.911250 0.868333 0.912500 0.863333 0.920000 0.860000 0.927500 0.855833 0.940000 0.855000 0.948750 0.854167 0.950000 0.854167 0.967500 0.855000 0.968750 0.855000 0.975000 0.855833 0.976250 0.855833 0.980000 0.859167 0.987500 0.859167 0.990000 0.860833 0.995000 0.860833 0.998750 0.901667 0.998750 0.901667 0.996250 0.902500 0.995000 0.905833 0.993750 0.909167 0.990000 0.910833 0.990000 0.917500 0.975000 0.918333 0.970000 0.920000 0.967500 0.919167 0.961250 0.922500 0.958750 0.927500 0.950000 0.927500 0.945000 0.928333 0.943750 0.927500 0.942500 0.927500 0.928750 0.926667 0.927500 0.926667 0.918750 0.925833 0.917500 0.925833 0.913750
1 0.990833 0.891250 0.989167 0.891250 0.988333 0.890000 0.982500 0.890000 0.981667 0.888750 0.974167 0.888750 0.973333 0.890000 0.968333 0.891250 0.965000 0.896250 0.964167 0.900000 0.961667 0.903750 0.955833 0.907500 0.954167 0.910000 0.945833 0.910000 0.941667 0.912500 0.936667 0.918750 0.934167 0.925000 0.934167 0.930000 0.933333 0.931250 0.933333 0.947500 0.935000 0.952500 0.938333 0.955000 0.940833 0.958750 0.942500 0.963750 0.949167 0.972500 0.950833 0.977500 0.951667 0.985000 0.955833 0.991250 0.961667 0.995000 0.962500 0.996250 0.962500 0.998750 0.971667 0.998750 0.971667 0.996250 0.973333 0.993750 0.974167 0.987500 0.978333 0.975000 0.978333 0.971250 0.979167 0.970000 0.979167 0.961250 0.980000 0.960000 0.980833 0.953750 0.985833 0.938750 0.989167 0.931250 0.989167 0.927500 0.988333 0.926250 0.989167 0.925000 0.989167 0.918750 0.988333 0.917500 0.988333 0.913750 0.986667 0.908750 0.993333 0.903750 0.995000 0.900000 0.995000 0.895000
1 0.228333 0.000000 0.228333 0.002500 0.229167 0.003750 0.229167 0.007500 0.230000 0.008750 0.230000 0.013750 0.230833 0.015000 0.231667 0.018750 0.233333 0.021250 0.233333 0.023750 0.237500 0.030000 0.237500 0.031250 0.240000 0.036250 0.240000 0.037500 0.243333 0.042500 0.244167 0.042500 0.245833 0.045000 0.246667 0.045000 0.247500 0.046250 0.249167 0.046250 0.250000 0.047500 0.253333 0.047500 0.254167 0.048750 0.257500 0.048750 0.258333 0.050000 0.269167 0.050000 0.270000 0.048750 0.270833 0.048750 0.275000 0.045000 0.276667 0.045000 0.280000 0.041250 0.280833 0.041250 0.281667 0.040000 0.283333 0.040000 0.285000 0.037500 0.285833 0.037500 0.288333 0.033750 0.289167 0.033750 0.289167 0.032500 0.290833 0.030000 0.290833 0.028750 0.291667 0.027500 0.291667 0.025000 0.292500 0.023750 0.292500 0.018750 0.293333 0.017500 0.293333 0.006250 0.292500 0.005000 0.292500 0.000000
1 0.982500 0.230000 0.979167 0.235000 0.978333 0.235000 0.978333 0.236250 0.977500 0.237500 0.977500 0.238750 0.975833 0.241250 0.975833 0.255000 0.976667 0.256250 0.976667 0.260000 0.977500 0.261250 0.977500 0.266250 0.979167 0.268750 0.979167 0.270000 0.980833 0.272500 0.980833 0.273750 0.985000 0.280000 0.985000 0.281250 0.985833 0.282500 0.985833 0.283750 0.988333 0.287500 0.988333 0.288750 0.989167 0.290000 0.990000 0.290000 0.992500 0.293750 0.992500 0.295000 0.993333 0.296250 0.994167 0.296250 0.995000 0.297500 0.999167 0.297500 0.999167 0.240000 0.992500 0.240000 0.991667 0.238750 0.986667 0.238750 0.985833 0.237500 0.985833 0.235000 0.987500 0.232500 0.988333 0.232500 0.989167 0.231250 0.990000 0.231250 0.990000 0.230000
0 0.301667 0.045000 0.299167 0.045000 0.298333 0.043750 0.293333 0.042500 0.292500 0.043750 0.288333 0.043750 0.287500 0.045000 0.284167 0.045000 0.283333 0.046250 0.278333 0.047500 0.268333 0.055000 0.260833 0.066250 0.260833 0.068750 0.259167 0.073750 0.259167 0.077500 0.257500 0.082500 0.257500 0.106250 0.258333 0.107500 0.259167 0.116250 0.262500 0.126250 0.268333 0.135000 0.269167 0.135000 0.274167 0.142500 0.275833 0.143750 0.277500 0.143750 0.278333 0.145000 0.283333 0.145000 0.284167 0.146250 0.298333 0.145000 0.307500 0.135000 0.309167 0.135000 0.312500 0.131250 0.318333 0.128750 0.320000 0.126250 0.320833 0.126250 0.324167 0.117500 0.324167 0.115000 0.325833 0.110000 0.325833 0.106250 0.326667 0.105000 0.326667 0.101250 0.325833 0.100000 0.325833 0.088750 0.325000 0.087500 0.325000 0.085000 0.323333 0.081250 0.316667 0.075000 0.311667 0.067500 0.311667 0.065000 0.310000 0.060000 0.308333 0.057500 0.307500 0.053750 0.304167 0.048750 0.304167 0.047500 0.303333 0.047500
0 0.424167 0.140000 0.417500 0.130000 0.411667 0.125000 0.398333 0.122500 0.390000 0.125000 0.386667 0.133750 0.383333 0.138750 0.380833 0.138750 0.377500 0.142500 0.371667 0.153750 0.356667 0.155000 0.349167 0.143750 0.334167 0.135000 0.326667 0.132500 0.318333 0.132500 0.312500 0.135000 0.305000 0.141250 0.299167 0.153750 0.300833 0.157500 0.310000 0.162500 0.320833 0.178750 0.320833 0.183750 0.323333 0.188750 0.313333 0.203750 0.310000 0.206250 0.310000 0.218750 0.314167 0.226250 0.317500 0.227500 0.320833 0.232500 0.325833 0.248750 0.331667 0.260000 0.357500 0.261250 0.372500 0.257500 0.391667 0.235000 0.410833 0.240000 0.420000 0.237500 0.428333 0.225000 0.431667 0.213750 0.429167 0.162500
0 0.383333 0.602500 0.382500 0.603750 0.380000 0.603750 0.375000 0.607500 0.372500 0.611250 0.371667 0.611250 0.365000 0.622500 0.364167 0.627500 0.363333 0.628750 0.363333 0.635000 0.362500 0.636250 0.362500 0.641250 0.360833 0.646250 0.360833 0.651250 0.360000 0.652500 0.359167 0.658750 0.357500 0.662500 0.357500 0.671250 0.358333 0.672500 0.358333 0.675000 0.359167 0.675000 0.362500 0.680000 0.364167 0.686250 0.369167 0.693750 0.373333 0.695000 0.375833 0.697500 0.379167 0.697500 0.380000 0.698750 0.383333 0.698750 0.384167 0.700000 0.395000 0.700000 0.395833 0.701250 0.396667 0.700000 0.399167 0.700000 0.400000 0.698750 0.401667 0.698750 0.402500 0.697500 0.405833 0.696250 0.407500 0.693750 0.410833 0.691250 0.420000 0.677500 0.424167 0.666250 0.424167 0.662500 0.425000 0.661250 0.425000 0.653750 0.425833 0.652500 0.425833 0.642500 0.424167 0.637500 0.422500 0.635000 0.421667 0.630000 0.417500 0.622500 0.417500 0.621250 0.410000 0.611250 0.401667 0.605000 0.399167 0.605000 0.398333 0.603750 0.395000 0.603750 0.394167 0.602500
0 0.294167 0.000000 0.295000 0.012500 0.295833 0.013750 0.295000 0.015000 0.295833 0.032500 0.297500 0.037500 0.300833 0.037500 0.302500 0.040000 0.306667 0.041250 0.310833 0.048750 0.310833 0.050000 0.313333 0.053750 0.314167 0.053750 0.315833 0.057500 0.318333 0.057500 0.321667 0.060000 0.326667 0.060000 0.330000 0.062500 0.332500 0.062500 0.333333 0.065000 0.335833 0.062500 0.339167 0.062500 0.340000 0.063750 0.345833 0.062500 0.348333 0.066250 0.348333 0.067500 0.350000 0.068750 0.350833 0.067500 0.355833 0.066250 0.362500 0.061250 0.365000 0.057500 0.365833 0.057500 0.372500 0.041250 0.372500 0.037500 0.373333 0.035000 0.377500 0.028750 0.377500 0.025000 0.375000 0.020000 0.378333 0.013750 0.377500 0.011250 0.374167 0.007500 0.374167 0.000000
