1 0.477500 0.039326 0.469167 0.067416 0.464167 0.096910 0.465000 0.129213 0.469167 0.150281 0.477500 0.169944 0.494167 0.193820 0.517500 0.213483 0.536667 0.220506 0.563333 0.216292 0.585833 0.200843 0.599167 0.185393 0.609167 0.168539 0.625000 0.120787 0.633333 0.074438 0.633333 0.042135 0.626667 0.000000 0.495833 0.000000 0.491667 0.012640
1 0.759167 0.675562 0.746667 0.693820 0.738333 0.714888 0.728333 0.762640 0.727500 0.799157 0.730000 0.825843 0.743333 0.880618 0.764167 0.917135 0.785000 0.936798 0.816667 0.942416 0.834167 0.935393 0.853333 0.952247 0.877500 0.956461 0.885000 0.939607 0.884167 0.901685 0.880000 0.917135 0.869167 0.910112 0.860833 0.911517 0.857500 0.900281 0.854167 0.900281 0.852500 0.907303 0.851667 0.903090 0.848333 0.903090 0.852500 0.907303 0.850000 0.917135 0.852500 0.925562 0.845000 0.924157 0.848333 0.917135 0.844167 0.917135 0.845000 0.922753 0.841667 0.924157 0.837500 0.912921 0.832500 0.915730 0.829167 0.911517 0.825000 0.884831 0.805833 0.875000 0.795000 0.862360 0.788333 0.844101 0.787500 0.828652 0.792500 0.804775 0.803333 0.783708 0.810833 0.776685 0.860000 0.762640 0.880833 0.765449 0.895000 0.757022 0.897500 0.744382 0.881667 0.699438 0.857500 0.664326 0.830833 0.647472 0.813333 0.646067 0.787500 0.651685
1 0.928333 0.457865 0.910833 0.462079 0.874167 0.460674 0.861667 0.466292 0.851667 0.474719 0.836667 0.500000 0.820833 0.546348 0.816667 0.581461 0.819167 0.627809 0.821667 0.640449 0.827500 0.646067 0.832500 0.646067 0.848333 0.654494 0.865833 0.671348 0.882500 0.698034 0.901667 0.750000 0.912500 0.748596 0.927500 0.740169 0.943333 0.723315 0.966667 0.678371 0.992500 0.634831 0.994167 0.622191 0.994167 0.594101 0.992500 0.589888 0.991667 0.571629 0.983333 0.546348 0.978333 0.539326 0.969167 0.533708 0.960000 0.508427 0.945000 0.490169 0.940833 0.470506 0.935000 0.462079
1 0.738333 0.221910 0.705000 0.226124 0.689167 0.237360 0.673333 0.259831 0.665000 0.286517 0.663333 0.304775 0.651667 0.331461 0.633333 0.390449 0.626667 0.433989 0.625833 0.467697 0.629167 0.497191 0.640833 0.535112 0.648333 0.543539 0.685833 0.557584 0.715000 0.589888 0.755000 0.584270 0.780833 0.563202 0.810833 0.505618 0.823333 0.442416 0.822500 0.356742 0.816667 0.325843 0.808333 0.297753 0.787500 0.258427 0.774167 0.242978 0.759167 0.230337
1 0.556667 0.228933 0.540833 0.226124 0.518333 0.227528 0.501667 0.237360 0.495000 0.247191 0.499167 0.264045 0.499167 0.279494 0.488333 0.310393 0.482500 0.320225 0.471667 0.330056 0.459167 0.335674 0.446667 0.330056 0.443333 0.338483 0.445000 0.365169 0.444167 0.396067 0.436667 0.441011 0.444167 0.467697 0.455000 0.490169 0.469167 0.508427 0.491667 0.529494 0.513333 0.542135 0.523333 0.544944 0.544167 0.543539 0.561667 0.535112 0.571667 0.526685 0.588333 0.505618 0.604167 0.477528 0.613333 0.456461 0.620833 0.425562 0.622500 0.405899 0.621667 0.375000 0.618333 0.346910 0.607500 0.304775 0.597500 0.279494 0.582500 0.252809 0.571667 0.240169
0 0.192500 0.275281 0.195833 0.311798 0.199167 0.316011 0.218333 0.318820 0.216667 0.323034 0.205833 0.325843 0.202500 0.331461 0.202500 0.338483 0.233333 0.397472 0.258333 0.470506 0.262500 0.473315 0.267500 0.470506 0.270833 0.476124 0.267500 0.521067 0.270833 0.539326 0.277500 0.542135 0.291667 0.539326 0.304167 0.523876 0.333333 0.512640 0.351667 0.514045 0.356667 0.525281 0.353333 0.537921 0.365000 0.539326 0.370000 0.530899 0.395000 0.509831 0.415833 0.483146 0.429167 0.456461 0.438333 0.424157 0.442500 0.393258 0.442500 0.359551 0.437500 0.324438 0.417500 0.283708 0.390000 0.255618 0.380833 0.258427 0.350833 0.297753 0.329167 0.316011 0.321667 0.316011 0.317500 0.310393 0.298333 0.301966 0.290000 0.289326 0.266667 0.266854 0.255000 0.244382 0.208333 0.255618
0 0.040000 0.330056 0.036667 0.335674 0.035833 0.351124 0.036667 0.643258 0.044167 0.648876 0.069167 0.653090 0.075833 0.660112 0.079167 0.655899 0.089167 0.660112 0.091667 0.653090 0.134167 0.627809 0.162500 0.585674 0.175000 0.554775 0.177500 0.540730 0.179167 0.483146 0.173333 0.436798 0.164167 0.411517 0.145000 0.380618 0.121667 0.380618 0.097500 0.355337 0.080000 0.355337 0.060000 0.337079 0.048333 0.330056
0 0.190000 0.567416 0.167500 0.598315 0.168333 0.608146 0.156667 0.633427 0.136667 0.706461 0.134167 0.733146 0.142500 0.759831 0.159167 0.792135 0.178333 0.814607 0.203333 0.827247 0.212500 0.841292 0.219167 0.842697 0.231667 0.831461 0.247500 0.842697 0.259167 0.835674 0.261667 0.828652 0.268333 0.823034 0.293333 0.813202 0.299167 0.801966 0.310833 0.789326 0.334167 0.747191 0.344167 0.717697 0.348333 0.693820 0.348333 0.661517 0.339167 0.619382 0.320833 0.584270 0.295000 0.570225 0.282500 0.580056 0.273333 0.580056 0.264167 0.575843 0.250833 0.578652 0.236667 0.566011 0.216667 0.560393
0 0.627500 0.549157 0.611667 0.557584 0.600833 0.568820 0.591667 0.584270 0.583333 0.609551 0.572500 0.667135 0.573333 0.695225 0.576667 0.710674 0.574167 0.742978 0.575000 0.761236 0.589167 0.801966 0.596667 0.838483 0.611667 0.866573 0.629167 0.880618 0.640833 0.884831 0.658333 0.884831 0.680833 0.875000 0.700833 0.860955 0.708333 0.852528 0.720833 0.827247 0.724167 0.825843 0.728333 0.751404 0.731667 0.733146 0.740000 0.707865 0.740833 0.691011 0.732500 0.646067 0.714167 0.598315 0.696667 0.570225 0.681667 0.557584 0.665833 0.550562 0.649167 0.547753
0 0.638333 0.085674 0.637500 0.094101 0.634167 0.099719 0.633333 0.105337 0.634167 0.116573 0.632500 0.123596 0.630000 0.126404 0.627500 0.140449 0.620833 0.148876 0.608333 0.174157 0.595000 0.195225 0.591667 0.212079 0.591667 0.226124 0.594167 0.240169 0.603333 0.255618 0.625833 0.275281 0.643333 0.279494 0.646667 0.276685 0.654167 0.275281 0.669167 0.262640 0.686667 0.238764 0.690833 0.228933 0.695000 0.212079 0.696667 0.199438 0.696667 0.172753 0.691667 0.147472 0.682500 0.127809 0.673333 0.119382 0.666667 0.116573 0.657500 0.116573 0.650000 0.119382 0.641667 0.127809 0.633333 0.129213 0.632500 0.126404 0.635000 0.123596 0.635000 0.115169 0.637500 0.109551 0.637500 0.105337 0.638333 0.103933 0.640000 0.108146 0.641667 0.108146 0.641667 0.105337 0.639167 0.101124 0.640000 0.095506
