1 0.247500 0.205323 0.222500 0.192649 0.205000 0.188847 0.196667 0.191381 0.196667 0.239544 0.200833 0.259823 0.217500 0.248416 0.233333 0.226869 0.240000 0.223067 0.240833 0.215463 0.246667 0.216730 0.245833 0.223067 0.222500 0.258555 0.214167 0.276299 0.220833 0.295311 0.220833 0.305450 0.217500 0.313054 0.195833 0.310520 0.180000 0.302915 0.169167 0.304183 0.135833 0.330798 0.125000 0.346008 0.125833 0.358682 0.136667 0.389100 0.162500 0.434728 0.168333 0.438530 0.176667 0.435995 0.207500 0.377693 0.205833 0.366286 0.191667 0.335868 0.193333 0.328264 0.228333 0.356147 0.259167 0.326996 0.271667 0.271229 0.275000 0.275032 0.273333 0.295311 0.275000 0.309252 0.296667 0.301648 0.293333 0.282636 0.280833 0.249683 0.265000 0.223067
1 0.648333 0.304183 0.640833 0.290241 0.622500 0.273764 0.588333 0.252218 0.570000 0.245881 0.565000 0.238276 0.564167 0.231939 0.560000 0.231939 0.559167 0.234474 0.564167 0.240811 0.562500 0.243346 0.545000 0.248416 0.530833 0.256020 0.517500 0.266160 0.499167 0.287706 0.484167 0.319392 0.477500 0.349810 0.475833 0.370089 0.477500 0.375158 0.481667 0.368821 0.488333 0.370089 0.495833 0.384030 0.494167 0.389100 0.496667 0.391635 0.521667 0.391635 0.530000 0.389100 0.552500 0.375158 0.555833 0.371356 0.555000 0.365019 0.559167 0.356147 0.565833 0.351077 0.579167 0.330798 0.590833 0.320659 0.618333 0.307985 0.636667 0.306717 0.640833 0.307985 0.642500 0.311787 0.648333 0.306717
1 0.543333 0.399240 0.535000 0.399240 0.520833 0.413181 0.516667 0.422053 0.511667 0.422053 0.508333 0.413181 0.517500 0.409379 0.525000 0.395437 0.491667 0.396705 0.490000 0.391635 0.486667 0.404309 0.477500 0.416984 0.475833 0.411914 0.480000 0.409379 0.477500 0.400507 0.482500 0.387833 0.470833 0.399240 0.440000 0.394170 0.420000 0.401774 0.422500 0.406844 0.420833 0.409379 0.408333 0.406844 0.402500 0.410646 0.380833 0.443599 0.373333 0.470215 0.369167 0.585551 0.372500 0.602028 0.380833 0.615970 0.387500 0.638783 0.394167 0.646388 0.399167 0.662864 0.408333 0.679341 0.440000 0.708492 0.458333 0.712294 0.464167 0.708492 0.537500 0.698352 0.561667 0.669202 0.585833 0.614702 0.600833 0.519645 0.597500 0.485425 0.590000 0.456274 0.575000 0.428390
1 0.301667 0.558935 0.297500 0.565272 0.288333 0.604563 0.272500 0.641318 0.256667 0.664132 0.236667 0.656527 0.204167 0.653992 0.194167 0.666667 0.193333 0.688213 0.204167 0.745247 0.217500 0.787072 0.278333 0.835234 0.310000 0.869455 0.320000 0.871990 0.330000 0.864385 0.338333 0.850444 0.377500 0.804816 0.380833 0.813688 0.372500 0.831432 0.380000 0.828897 0.391667 0.807351 0.405000 0.765526 0.409167 0.727503 0.409167 0.700887 0.405833 0.680608 0.400833 0.669202 0.387500 0.657795 0.384167 0.645120 0.375833 0.633714 0.375000 0.624842 0.360833 0.593156 0.340000 0.572877
1 0.866667 0.619772 0.856667 0.617237 0.837500 0.619772 0.818333 0.631179 0.804167 0.646388 0.773333 0.656527 0.736667 0.675539 0.710833 0.702155 0.695833 0.745247 0.693333 0.766793 0.695000 0.803549 0.708333 0.858048 0.715833 0.870722 0.720000 0.869455 0.726667 0.858048 0.732500 0.858048 0.759167 0.926489 0.771667 0.940431 0.795000 0.956907 0.811667 0.961977 0.850000 0.958175 0.872500 0.946768 0.903333 0.920152 0.922500 0.889734 0.921667 0.883397 0.929167 0.865653 0.937500 0.821293 0.941667 0.760456 0.955000 0.759189 0.945833 0.755387 0.938333 0.735108 0.939167 0.719899 0.902500 0.655260 0.884167 0.631179
1 0.845833 0.574144 0.818333 0.569075 0.804167 0.533587 0.782500 0.499366 0.750833 0.494297 0.726667 0.508238 0.720833 0.515843 0.694167 0.509506 0.674167 0.484157 0.657500 0.484157 0.655000 0.493029 0.641667 0.495564 0.625833 0.505703 0.605000 0.534854 0.591667 0.593156 0.589167 0.615970 0.590833 0.650190 0.603333 0.698352 0.625000 0.740177 0.640833 0.759189 0.657500 0.771863 0.686667 0.782003 0.690833 0.775665 0.697500 0.727503 0.709167 0.694550 0.740000 0.665399 0.735833 0.657795 0.728333 0.657795 0.725000 0.665399 0.716667 0.662864 0.717500 0.656527 0.729167 0.640051 0.725833 0.626109 0.728333 0.574144 0.732500 0.576679 0.742500 0.615970 0.751667 0.631179 0.756667 0.629911 0.774167 0.609632 0.772500 0.565272 0.775000 0.558935 0.785833 0.593156 0.825000 0.576679 0.832500 0.579214
1 0.875833 0.179975 0.855000 0.163498 0.828333 0.154626 0.806667 0.157161 0.781667 0.166033 0.729167 0.233207 0.716667 0.264892 0.712500 0.300380 0.717500 0.304183 0.735833 0.287706 0.760000 0.277567 0.769167 0.263625 0.769167 0.240811 0.774167 0.233207 0.775833 0.239544 0.798333 0.248416 0.800000 0.272497 0.794167 0.281369 0.790000 0.267427 0.784167 0.283904 0.780833 0.278834 0.776667 0.280101 0.781667 0.294043 0.770833 0.294043 0.765000 0.300380 0.749167 0.344740 0.748333 0.359949 0.771667 0.403042 0.775000 0.401774 0.780000 0.386565 0.799167 0.357414 0.829167 0.323194 0.825833 0.267427 0.819167 0.259823 0.821667 0.256020 0.833333 0.250951 0.865833 0.254753 0.869167 0.258555 0.867500 0.278834 0.879167 0.306717 0.895833 0.306717 0.911667 0.300380 0.911667 0.275032 0.902500 0.230672 0.890833 0.202788
1 0.731667 0.382763 0.720833 0.371356 0.716667 0.372624 0.714167 0.365019 0.698333 0.354880 0.694167 0.361217 0.674167 0.367554 0.670000 0.363752 0.656667 0.362484 0.650000 0.353612 0.645833 0.335868 0.654167 0.333333 0.655000 0.320659 0.653333 0.314322 0.648333 0.309252 0.625000 0.309252 0.620833 0.306717 0.586667 0.321926 0.575000 0.335868 0.562500 0.356147 0.556667 0.359949 0.560000 0.371356 0.568333 0.370089 0.569167 0.377693 0.554167 0.389100 0.549167 0.395437 0.549167 0.400507 0.569167 0.418251 0.585833 0.442332 0.598333 0.480355 0.603333 0.525982 0.612500 0.518378 0.626667 0.498099 0.644167 0.486692 0.654167 0.484157 0.655000 0.477820 0.670000 0.470215 0.673333 0.432193 0.677500 0.442332 0.675833 0.448669 0.678333 0.461343 0.684167 0.466413 0.690000 0.477820 0.700833 0.485425 0.740000 0.424588 0.740833 0.409379 0.739167 0.405577 0.735000 0.404309
1 0.000000 0.490494 0.000000 0.776933 0.044167 0.784537 0.069167 0.792142 0.073333 0.784537 0.075000 0.756654 0.080000 0.743980 0.109167 0.714829 0.151667 0.681876 0.160833 0.669202 0.157500 0.662864 0.158333 0.657795 0.152500 0.646388 0.161667 0.637516 0.163333 0.628644 0.155000 0.575412 0.142500 0.548796 0.130833 0.532319 0.118333 0.527250 0.110833 0.528517 0.109167 0.523447 0.111667 0.519645 0.098333 0.528517 0.087500 0.528517 0.080833 0.533587 0.070833 0.534854 0.052500 0.522180 0.040833 0.501901 0.029167 0.490494
1 0.608333 0.764259 0.582500 0.724968 0.560000 0.708492 0.547500 0.705957 0.469167 0.713561 0.458333 0.718631 0.446667 0.730038 0.430833 0.755387 0.411667 0.799747 0.405833 0.823828 0.403333 0.846641 0.404167 0.884664 0.408333 0.904943 0.415000 0.913815 0.424167 0.935361 0.433333 0.939163 0.446667 0.935361 0.450000 0.937896 0.460000 0.936629 0.462500 0.932826 0.465833 0.936629 0.471667 0.932826 0.474167 0.936629 0.480833 0.937896 0.485833 0.934094 0.498333 0.937896 0.503333 0.932826 0.504167 0.936629 0.510000 0.935361 0.513333 0.937896 0.516667 0.921420 0.522500 0.913815 0.518333 0.908745 0.520833 0.904943 0.529167 0.906210 0.530000 0.908745 0.526667 0.912548 0.545000 0.921420 0.553333 0.912548 0.555833 0.899873 0.556667 0.865653 0.565000 0.847909 0.569167 0.827630 0.576667 0.809886 0.583333 0.799747 0.599167 0.801014 0.602500 0.804816 0.610833 0.801014 0.612500 0.785805
1 0.000000 0.846641 0.000000 0.980989 0.002500 0.983523 0.000000 0.998733 0.420000 0.998733 0.411667 0.964512 0.396667 0.936629 0.365000 0.911280 0.330833 0.911280 0.327500 0.901141 0.335000 0.885932 0.328333 0.877060 0.300833 0.917617 0.290833 0.916350 0.283333 0.906210 0.275000 0.911280 0.253333 0.902408 0.239167 0.902408 0.214167 0.913815 0.212500 0.907478 0.220833 0.902408 0.222500 0.864385 0.217500 0.839037 0.202500 0.812421 0.192500 0.782003 0.159167 0.751584 0.126667 0.750317 0.113333 0.770596 0.105000 0.802281 0.083333 0.827630 0.070833 0.831432 0.056667 0.820025 0.051667 0.806084 0.040833 0.799747 0.025833 0.809886
