1 0.377778 0.353333 0.330556 0.362222 0.281944 0.400000 0.237500 0.473333 0.231944 0.497778 0.227778 0.540000 0.227778 0.568889 0.234722 0.606667 0.252778 0.615556 0.300000 0.662222 0.329167 0.728889 0.336111 0.757778 0.341667 0.764444 0.380556 0.764444 0.408333 0.751111 0.422222 0.748889 0.443056 0.735556 0.473611 0.695556 0.481944 0.677778 0.494444 0.633333 0.493056 0.562222 0.497222 0.533333 0.493056 0.517778 0.429167 0.380000 0.394444 0.357778
1 0.488889 0.082222 0.459722 0.093333 0.429167 0.115556 0.418056 0.128889 0.395833 0.168889 0.379167 0.228889 0.372222 0.291111 0.370833 0.333333 0.376389 0.348889 0.393056 0.353333 0.430556 0.377778 0.441667 0.397778 0.445833 0.397778 0.454167 0.384444 0.473611 0.377778 0.520833 0.388889 0.523611 0.395556 0.531944 0.395556 0.544444 0.386667 0.545833 0.395556 0.493056 0.477778 0.491667 0.491111 0.497222 0.497778 0.504167 0.497778 0.520833 0.486667 0.533333 0.471111 0.573611 0.397778 0.577778 0.384444 0.577778 0.371111 0.615278 0.282222 0.618056 0.222222 0.612500 0.177778 0.573611 0.115556 0.534722 0.088889
1 0.295833 0.662222 0.250000 0.617778 0.227778 0.615556 0.218056 0.620000 0.194444 0.620000 0.170833 0.637778 0.158333 0.642222 0.130556 0.668889 0.112500 0.673333 0.098611 0.691111 0.088889 0.720000 0.062500 0.764444 0.054167 0.817778 0.054167 0.877778 0.056944 0.908889 0.063889 0.935556 0.077778 0.966667 0.100000 0.997778 0.286111 0.997778 0.327778 0.908889 0.333333 0.882222 0.336111 0.788889 0.330556 0.742222 0.305556 0.677778
1 0.255556 0.000000 0.250000 0.017778 0.248611 0.033333 0.262500 0.055556 0.268056 0.086667 0.284722 0.097778 0.300000 0.131111 0.300000 0.157778 0.295833 0.177778 0.290278 0.184444 0.284722 0.182222 0.265278 0.186667 0.265278 0.215556 0.270833 0.260000 0.283333 0.260000 0.288889 0.264444 0.283333 0.271111 0.276389 0.288889 0.280556 0.293333 0.286111 0.293333 0.291667 0.284444 0.305556 0.273333 0.306944 0.280000 0.300000 0.295556 0.300000 0.317778 0.313889 0.311111 0.336111 0.311111 0.351389 0.315556 0.359722 0.313333 0.365278 0.306667 0.369444 0.293333 0.377778 0.226667 0.390278 0.175556 0.416667 0.124444 0.416667 0.086667 0.404167 0.044444 0.380556 0.000000
1 0.647222 0.777778 0.637500 0.831111 0.634722 0.895556 0.648611 0.964444 0.662500 0.997778 0.970833 0.997778 0.983333 0.957778 0.991667 0.915556 0.988889 0.848889 0.972222 0.782222 0.933333 0.731111 0.902778 0.702222 0.877778 0.686667 0.783333 0.655556 0.748611 0.657778 0.727778 0.664444 0.711111 0.675556 0.701389 0.688889 0.700000 0.724444 0.695833 0.740000 0.681944 0.748889 0.665278 0.735556 0.655556 0.751111
1 0.720833 0.104444 0.727778 0.135556 0.733333 0.144444 0.743056 0.153333 0.745833 0.151111 0.748611 0.153333 0.745833 0.157778 0.748611 0.162222 0.748611 0.171111 0.754167 0.184444 0.756944 0.184444 0.752778 0.177778 0.755556 0.173333 0.759722 0.175556 0.765278 0.173333 0.766667 0.168889 0.769444 0.173333 0.772222 0.173333 0.775000 0.166667 0.779167 0.173333 0.780556 0.171111 0.786111 0.173333 0.790278 0.166667 0.791667 0.171111 0.794444 0.171111 0.802778 0.157778 0.802778 0.153333 0.809722 0.144444 0.812500 0.133333 0.819444 0.120000 0.838889 0.093333 0.852778 0.077778 0.872222 0.062222 0.880556 0.051111 0.894444 0.044444 0.904167 0.033333 0.902778 0.017778 0.894444 0.000000 0.725000 0.000000 0.723611 0.013333 0.719444 0.026667 0.719444 0.044444 0.718056 0.046667 0.718056 0.075556 0.719444 0.077778
1 0.100000 0.000000 0.043056 0.000000 0.004167 0.060000 0.000000 0.062222 0.000000 0.253333 0.013889 0.246667 0.030556 0.246667 0.030556 0.193333 0.041667 0.148889 0.055556 0.122222 0.058333 0.128889 0.054167 0.140000 0.044444 0.202222 0.047222 0.224444 0.052778 0.220000 0.056944 0.208889 0.080556 0.173333 0.119444 0.140000 0.123611 0.142222 0.115278 0.160000 0.105556 0.173333 0.100000 0.175556 0.086111 0.200000 0.073611 0.231111 0.072222 0.242222 0.075000 0.244444 0.077778 0.235556 0.106944 0.213333 0.134722 0.157778 0.134722 0.135556 0.126389 0.111111 0.102778 0.108889 0.098611 0.102222 0.118056 0.084444 0.115278 0.068889 0.105556 0.046667
1 0.000000 0.255556 0.000000 0.544444 0.013889 0.542222 0.023611 0.535556 0.027778 0.528889 0.026389 0.513333 0.029167 0.511111 0.070833 0.564444 0.090278 0.564444 0.102778 0.542222 0.109722 0.553333 0.120833 0.546667 0.123611 0.540000 0.122222 0.500000 0.126389 0.488889 0.131944 0.504444 0.138889 0.542222 0.144444 0.537778 0.162500 0.535556 0.188889 0.482222 0.184722 0.435556 0.177778 0.428889 0.168056 0.411111 0.163889 0.395556 0.166667 0.357778 0.177778 0.342222 0.176389 0.331111 0.144444 0.293333 0.097222 0.275556 0.076389 0.275556 0.055556 0.268889 0.051389 0.262222 0.023611 0.251111
1 0.341667 0.842222 0.337500 0.871111 0.336111 0.920000 0.340278 0.960000 0.350000 0.997778 0.598611 0.997778 0.604167 0.984444 0.609722 0.957778 0.611111 0.891111 0.602778 0.857778 0.593056 0.831111 0.562500 0.775556 0.540278 0.764444 0.495833 0.766667 0.483333 0.773333 0.463889 0.768889 0.452778 0.773333 0.440278 0.786667 0.423611 0.793333 0.422222 0.788889 0.427778 0.782222 0.433333 0.757778 0.426389 0.753333 0.405556 0.757778 0.375000 0.775556 0.356944 0.802222
1 0.816667 0.400000 0.805556 0.380000 0.783333 0.362222 0.776389 0.351111 0.754167 0.340000 0.684722 0.335556 0.641667 0.348889 0.604167 0.375556 0.579167 0.400000 0.547222 0.453333 0.531944 0.493333 0.527778 0.526667 0.570833 0.564444 0.563889 0.573333 0.531944 0.564444 0.526389 0.571111 0.525000 0.588889 0.536111 0.602222 0.569444 0.615556 0.634722 0.620000 0.645833 0.606667 0.615278 0.600000 0.609722 0.593333 0.613889 0.586667 0.681944 0.571111 0.697222 0.555556 0.700000 0.513333 0.708333 0.482222 0.727778 0.453333 0.745833 0.440000 0.744444 0.431111 0.727778 0.408889 0.731944 0.391111 0.745833 0.388889 0.756944 0.415556 0.773611 0.435556 0.787500 0.435556 0.811111 0.413333
1 0.998611 0.382222 0.968056 0.386667 0.950000 0.397778 0.920833 0.428889 0.904167 0.457778 0.893056 0.484444 0.893056 0.495556 0.884722 0.522222 0.880556 0.555556 0.872222 0.595556 0.873611 0.617778 0.890278 0.666667 0.891667 0.686667 0.895833 0.693333 0.933333 0.726667 0.969444 0.773333 0.975000 0.777778 0.986111 0.780000 0.998611 0.777778
1 0.998611 0.046667 0.958333 0.031111 0.934722 0.031111 0.913889 0.037778 0.858333 0.080000 0.833333 0.108889 0.818056 0.133333 0.797222 0.180000 0.786111 0.251111 0.788889 0.302222 0.797222 0.353333 0.813889 0.384444 0.826389 0.393333 0.836111 0.384444 0.841667 0.371111 0.841667 0.335556 0.837500 0.291111 0.833333 0.280000 0.833333 0.268889 0.841667 0.260000 0.854167 0.264444 0.856944 0.326667 0.863889 0.355556 0.873611 0.353333 0.873611 0.324444 0.876389 0.320000 0.891667 0.344444 0.904167 0.351111 0.912500 0.348889 0.911111 0.326667 0.915278 0.315556 0.929167 0.353333 0.940278 0.360000 0.962500 0.362222 0.966667 0.382222 0.998611 0.377778
1 0.623611 0.177778 0.622222 0.195556 0.619444 0.202222 0.619444 0.220000 0.622222 0.233333 0.620833 0.237778 0.622222 0.280000 0.619444 0.291111 0.622222 0.304444 0.615278 0.322222 0.616667 0.326667 0.598611 0.346667 0.598611 0.351111 0.606944 0.348889 0.612500 0.357778 0.609722 0.362222 0.611111 0.366667 0.650000 0.340000 0.661111 0.340000 0.694444 0.331111 0.719444 0.331111 0.740278 0.337778 0.751389 0.337778 0.766667 0.344444 0.775000 0.344444 0.781944 0.353333 0.786111 0.353333 0.790278 0.346667 0.790278 0.324444 0.784722 0.288889 0.783333 0.264444 0.769444 0.237778 0.763889 0.233333 0.758333 0.220000 0.751389 0.211111 0.741667 0.162222 0.737500 0.153333 0.733333 0.153333 0.729167 0.166667 0.697222 0.153333 0.669444 0.153333 0.658333 0.157778 0.654167 0.166667 0.640278 0.175556 0.630556 0.173333
