0 0.485880 0.302083 0.461984 0.325521 0.452571 0.371875 0.464156 0.450000 0.478639 0.469792 0.503259 0.485938 0.542361 0.503646 0.590152 0.517188 0.608979 0.519271 0.679942 0.504687 0.730630 0.482292 0.743664 0.467708 0.756698 0.445312 0.769732 0.435417 0.773353 0.427604 0.771904 0.415625 0.779146 0.367708 0.770456 0.348958 0.747285 0.317188 0.710355 0.298438 0.688631 0.294792 0.661115 0.295833 0.647357 0.298438 0.639392 0.315104 0.622013 0.331771 0.603186 0.335938 0.572773 0.331771 0.561188 0.327083 0.539464 0.310417 0.527878 0.290625
0 0.179580 0.153646 0.120203 0.167708 0.094859 0.178125 0.033309 0.225000 0.020275 0.239063 0.008689 0.266146 0.008689 0.313021 0.020999 0.349479 0.037654 0.380208 0.062274 0.410417 0.085445 0.427083 0.170891 0.447396 0.238233 0.447917 0.293990 0.433333 0.333092 0.418750 0.393917 0.381250 0.409848 0.353125 0.412744 0.308854 0.397538 0.272396 0.387400 0.268750 0.383056 0.261458 0.355539 0.253646 0.328747 0.252604 0.305576 0.255729 0.301231 0.252604 0.289645 0.259896 0.248371 0.267708 0.230992 0.266146 0.208545 0.240104 0.203476 0.216667 0.210717 0.197917 0.236061 0.182292 0.233164 0.153646 0.219406 0.151562
0 0.562636 0.641667 0.554671 0.649479 0.545981 0.651563 0.525706 0.669271 0.515568 0.684896 0.511948 0.700521 0.511948 0.729688 0.515568 0.743750 0.545981 0.789583 0.561188 0.800521 0.587980 0.814063 0.610427 0.821875 0.626358 0.823958 0.666908 0.823438 0.709631 0.816667 0.729182 0.810417 0.758870 0.793750 0.776973 0.779687 0.793628 0.758854 0.806662 0.724479 0.805214 0.696875 0.793628 0.677083 0.781318 0.664583 0.758146 0.652604 0.730630 0.646875 0.713251 0.646875 0.680666 0.656771 0.657495 0.658854 0.635047 0.656771 0.611875 0.650000 0.603186 0.638021 0.595221 0.632812 0.582911 0.634375
0 0.273715 0.516146 0.207096 0.535417 0.166546 0.560417 0.127444 0.615625 0.123823 0.627604 0.125272 0.658854 0.128892 0.669792 0.141202 0.687500 0.162201 0.708854 0.189718 0.726562 0.213613 0.735938 0.221579 0.741667 0.290369 0.750000 0.333816 0.750000 0.349022 0.743750 0.358436 0.729167 0.361332 0.728125 0.366401 0.732812 0.371470 0.728646 0.388125 0.723958 0.395366 0.705208 0.409124 0.690104 0.414917 0.673958 0.415641 0.664062 0.411296 0.652604 0.388125 0.638021 0.362056 0.630208 0.349747 0.621875 0.340333 0.609375 0.343230 0.594792 0.360608 0.580208 0.390297 0.568229 0.389573 0.559896 0.380159 0.534896 0.352643 0.523438 0.318610 0.516146
0 0.296162 0.785417 0.275163 0.794271 0.254888 0.806771 0.234613 0.826042 0.223751 0.843750 0.217234 0.870833 0.217234 0.889062 0.221579 0.907813 0.233164 0.930729 0.240406 0.940625 0.274439 0.968229 0.307748 0.980208 0.344678 0.981250 0.370746 0.975000 0.389573 0.977604 0.406227 0.971875 0.415641 0.971875 0.428675 0.962500 0.435916 0.942187 0.447502 0.940104 0.453295 0.936458 0.458364 0.925521 0.475018 0.932292 0.487328 0.927083 0.501086 0.904167 0.506155 0.872396 0.497466 0.850521 0.486604 0.837500 0.475018 0.829167 0.464156 0.825521 0.398986 0.828646 0.353367 0.827604 0.329471 0.817708 0.324403 0.810417 0.316437 0.806250 0.311369 0.790625 0.312817 0.786458 0.304852 0.784375
0 0.709631 0.918750 0.715424 0.923438 0.711803 0.927083 0.708907 0.935417 0.717596 0.943229 0.724113 0.944271 0.729182 0.946875 0.730630 0.950521 0.736423 0.955208 0.741492 0.962500 0.753077 0.970833 0.763215 0.974479 0.784214 0.977604 0.798697 0.977604 0.811007 0.974479 0.825489 0.965625 0.832730 0.957812 0.837799 0.942708 0.840695 0.939063 0.842143 0.930208 0.844316 0.928125 0.868936 0.928646 0.873280 0.927604 0.866763 0.911458 0.855902 0.907813 0.848660 0.906771 0.845764 0.910417 0.839247 0.909375 0.828385 0.913021 0.824765 0.910417 0.801593 0.902604 0.786387 0.900000 0.779870 0.900521 0.777697 0.904167 0.772629 0.907813 0.774801 0.919271 0.772629 0.923958 0.775525 0.927604 0.769008 0.933333 0.767560 0.932292 0.768284 0.927604 0.766112 0.920312 0.758146 0.907813 0.758146 0.903125 0.751629 0.902604 0.746560 0.906250 0.741492 0.905208 0.737871 0.910417 0.725561 0.918750 0.714699 0.917708
0 0.949312 0.261979 0.937726 0.259896 0.913106 0.258333 0.891383 0.261458 0.880521 0.265104 0.874728 0.270313 0.860970 0.290625 0.850833 0.298958 0.845040 0.309375 0.832006 0.321354 0.829109 0.330208 0.829109 0.339583 0.830558 0.345833 0.837799 0.358854 0.844316 0.365625 0.861694 0.378646 0.868211 0.382292 0.876901 0.384375 0.879073 0.388021 0.885590 0.390104 0.916003 0.392188 0.933382 0.391146 0.957277 0.385937 0.975380 0.377083 0.987690 0.368229 0.996379 0.357292 0.999276 0.356771 0.999276 0.279687 0.984070 0.272917
0 0.913831 0.470833 0.910210 0.471354 0.908038 0.473958 0.907314 0.481771 0.902969 0.487500 0.892831 0.491667 0.889935 0.497396 0.889935 0.502604 0.886314 0.505729 0.889211 0.509896 0.886314 0.514062 0.878349 0.517708 0.865315 0.513542 0.860970 0.508854 0.860970 0.506250 0.854453 0.496354 0.839247 0.493229 0.833454 0.497396 0.829833 0.510938 0.837799 0.525000 0.832006 0.547396 0.832006 0.556771 0.842867 0.572917 0.853005 0.580208 0.902969 0.595313 0.923244 0.597396 0.936278 0.594792 0.950760 0.589063 0.976104 0.574479 0.983345 0.567708 0.986966 0.554167 0.985518 0.536458 0.979725 0.521875 0.969587 0.506771 0.960174 0.500000 0.950760 0.495833 0.922520 0.487500 0.920348 0.478646
0 0.780594 0.187500 0.769732 0.184896 0.752353 0.186458 0.747285 0.188542 0.741492 0.187500 0.738595 0.193750 0.724113 0.194271 0.697321 0.198437 0.674873 0.205208 0.649529 0.220833 0.641564 0.227604 0.637219 0.235937 0.635771 0.252083 0.639392 0.256771 0.649529 0.258854 0.667632 0.267708 0.665460 0.272396 0.651702 0.272396 0.645185 0.275000 0.645909 0.278646 0.641564 0.283333 0.643736 0.290104 0.648805 0.294792 0.687907 0.294271 0.708182 0.296875 0.734975 0.305208 0.747285 0.314063 0.753802 0.314583 0.749457 0.306250 0.743664 0.300521 0.742940 0.288021 0.747285 0.286979 0.752353 0.293750 0.755250 0.289583 0.763215 0.286979 0.769008 0.286979 0.779146 0.279167 0.773353 0.270313 0.779870 0.268229 0.784938 0.272396 0.787835 0.271354 0.787111 0.267188 0.795800 0.266146 0.796524 0.264062 0.789283 0.252083 0.795800 0.228125 0.790007 0.227083 0.789283 0.223958 0.795800 0.216146 0.792180 0.211979 0.784938 0.209375 0.772629 0.200521 0.776973 0.194792 0.785663 0.192708
0 0.429399 0.000000 0.422158 0.006250 0.419261 0.017708 0.420710 0.022396 0.433020 0.025521 0.436640 0.030729 0.425054 0.031771 0.419986 0.044271 0.417813 0.093750 0.431571 0.142708 0.449674 0.173958 0.501810 0.210417 0.535119 0.227604 0.540188 0.225000 0.543085 0.213021 0.547429 0.209896 0.554671 0.210938 0.567705 0.220833 0.572773 0.218229 0.574946 0.205208 0.584359 0.200000 0.589428 0.189062 0.598117 0.196875 0.599566 0.217188 0.606807 0.220833 0.606083 0.226042 0.611151 0.229687 0.626358 0.225000 0.664012 0.200521 0.687183 0.169271 0.703114 0.130729 0.703114 0.092708 0.676322 0.084896 0.671977 0.079167 0.631427 0.056250 0.596669 0.047917 0.590152 0.043229 0.585083 0.047917 0.578566 0.041667 0.575670 0.061458 0.584359 0.064583 0.567705 0.065104 0.566256 0.056250 0.570601 0.052083 0.556843 0.019271 0.557567 0.015625 0.563360 0.013542 0.563360 0.005208 0.554671 0.000000
