0 0.549333 0.589178 0.540667 0.601202 0.542000 0.644289 0.538667 0.679359 0.525333 0.732465 0.516000 0.754509 0.514667 0.768537 0.534667 0.810621 0.552000 0.834669 0.578667 0.851703 0.591333 0.855711 0.634000 0.846693 0.654000 0.825651 0.669333 0.801603 0.684667 0.756513 0.690000 0.700401 0.689333 0.673347 0.684667 0.652305 0.677333 0.634269 0.668667 0.621242 0.646000 0.600200 0.640000 0.606212 0.628667 0.632265 0.612000 0.657315 0.602667 0.660321 0.582667 0.652305 0.572000 0.636273 0.568000 0.638277 0.563333 0.632265 0.562000 0.606212 0.556000 0.588176
0 0.755333 0.654309 0.751333 0.665331 0.744667 0.667335 0.740000 0.673347 0.743333 0.674349 0.748667 0.684369 0.749333 0.696393 0.754000 0.702405 0.750667 0.707415 0.753333 0.712425 0.751333 0.719439 0.752000 0.727455 0.748000 0.728457 0.741333 0.738477 0.737333 0.740481 0.723333 0.737475 0.721333 0.729459 0.716667 0.726453 0.715333 0.721443 0.720000 0.704409 0.716667 0.696393 0.719333 0.689379 0.716667 0.687375 0.713333 0.694389 0.698000 0.708417 0.693333 0.722445 0.679333 0.789579 0.680667 0.822645 0.689333 0.853707 0.708667 0.884770 0.721333 0.896794 0.739333 0.907816 0.772000 0.912826 0.788000 0.908818 0.798000 0.902806 0.818667 0.879760 0.824667 0.867735 0.808000 0.859719 0.805333 0.855711 0.804000 0.845691 0.812000 0.775551 0.808667 0.756513 0.808667 0.743487 0.817333 0.714429 0.806000 0.696393 0.778667 0.675351 0.764667 0.668337 0.760000 0.657315
0 0.268667 0.655311 0.262000 0.679359 0.259333 0.696393 0.260000 0.702405 0.256667 0.708417 0.257333 0.717435 0.254667 0.725451 0.254667 0.751503 0.264667 0.759519 0.269333 0.772545 0.282000 0.790581 0.283333 0.807615 0.278667 0.825651 0.279333 0.839679 0.296667 0.862725 0.317333 0.873747 0.329333 0.875752 0.356000 0.874749 0.380667 0.861723 0.404000 0.843687 0.412000 0.830661 0.416000 0.814629 0.408000 0.808617 0.391333 0.801603 0.376667 0.789579 0.366000 0.775551 0.358667 0.762525 0.357333 0.756513 0.351333 0.748497 0.349333 0.739479 0.341333 0.721443 0.334000 0.716433 0.320667 0.715431 0.312000 0.706413 0.306000 0.683367 0.296667 0.667335 0.297333 0.659319 0.299333 0.656313 0.309333 0.655311 0.297333 0.654309 0.293333 0.656313 0.283333 0.650301 0.278000 0.655311 0.274667 0.649299
0 0.633333 0.472946 0.630667 0.482966 0.632000 0.485972 0.645333 0.495992 0.652667 0.497996 0.658667 0.506012 0.670667 0.511022 0.687333 0.511022 0.708000 0.504008 0.717333 0.504008 0.720667 0.512024 0.724667 0.514028 0.724667 0.508016 0.734667 0.507014 0.732667 0.514028 0.734000 0.520040 0.729333 0.531062 0.724667 0.530060 0.720667 0.534068 0.719333 0.526052 0.712667 0.521042 0.689333 0.524048 0.686000 0.531062 0.686667 0.537074 0.696667 0.555110 0.717333 0.578156 0.727333 0.585170 0.740667 0.582164 0.746667 0.569138 0.746667 0.565130 0.740000 0.558116 0.736000 0.557114 0.723333 0.562124 0.722667 0.553106 0.728000 0.541082 0.734667 0.541082 0.740000 0.552104 0.748667 0.553106 0.751333 0.557114 0.760667 0.547094 0.778667 0.520040 0.774667 0.501002 0.767333 0.480962 0.762000 0.478958 0.762000 0.468938 0.756000 0.456914 0.738667 0.436874 0.719333 0.425852 0.698667 0.425852 0.658667 0.443888 0.643333 0.455912
0 0.790000 0.456914 0.798000 0.513026 0.800667 0.517034 0.810000 0.519038 0.811333 0.527054 0.808000 0.533066 0.802000 0.533066 0.798667 0.539078 0.786667 0.546092 0.783333 0.555110 0.781333 0.566132 0.782000 0.574148 0.795333 0.606212 0.798667 0.610220 0.841333 0.634269 0.846000 0.639279 0.869333 0.651303 0.878000 0.651303 0.892000 0.644289 0.908667 0.625251 0.920000 0.588176 0.923333 0.573146 0.924000 0.559118 0.923333 0.555110 0.919333 0.554108 0.906667 0.567134 0.894667 0.598196 0.888667 0.598196 0.885333 0.593186 0.878667 0.573146 0.877333 0.549098 0.882000 0.519038 0.888000 0.494990 0.888000 0.483968 0.886000 0.478958 0.868000 0.467936 0.843333 0.465932 0.828667 0.472946 0.818667 0.481964 0.815333 0.481964 0.810667 0.469940 0.802667 0.460922
0 0.086667 0.898798 0.087333 0.931864 0.090667 0.941884 0.098667 0.940882 0.118667 0.928858 0.132000 0.930862 0.146000 0.937876 0.176000 0.926854 0.210000 0.920842 0.216667 0.913828 0.220667 0.914830 0.220667 0.890782 0.212667 0.887776 0.208667 0.883768 0.204667 0.876754 0.201333 0.863727 0.201333 0.845691 0.204667 0.810621 0.204000 0.797595 0.196000 0.796593 0.184667 0.800601 0.174000 0.800601 0.168000 0.796593 0.153333 0.795591 0.150000 0.790581 0.140000 0.783567 0.134667 0.784569 0.130667 0.790581 0.126667 0.785571 0.126667 0.791583 0.130667 0.794589 0.128667 0.807615 0.122000 0.817635 0.109333 0.829659 0.099333 0.845691 0.091333 0.869739
1 0.286000 0.174349 0.274000 0.182365 0.235333 0.222445 0.218667 0.249499 0.207333 0.288577 0.206667 0.329659 0.209333 0.347695 0.220000 0.387776 0.267333 0.398798 0.297333 0.429860 0.324667 0.447896 0.338000 0.470942 0.342667 0.469940 0.359333 0.448898 0.393333 0.357715 0.400667 0.329659 0.404000 0.303607 0.402667 0.272545 0.382000 0.222445 0.371333 0.211423 0.360000 0.208417 0.350667 0.219439 0.342000 0.250501 0.332000 0.266533 0.322000 0.292585 0.298000 0.291583 0.284000 0.279559 0.276667 0.265531 0.276667 0.250501 0.284667 0.232465 0.282000 0.212425 0.283333 0.209419 0.298000 0.212425 0.302667 0.220441 0.310000 0.224449 0.320667 0.201403 0.324000 0.182365 0.314000 0.172345
1 0.122000 0.585170 0.104000 0.621242 0.098000 0.639279 0.096000 0.650301 0.096000 0.662325 0.098667 0.676353 0.098667 0.690381 0.101333 0.701403 0.098667 0.712425 0.098667 0.721443 0.104000 0.737475 0.108667 0.747495 0.124000 0.770541 0.134000 0.779559 0.139333 0.779559 0.148667 0.786573 0.160667 0.791583 0.174667 0.792585 0.201333 0.786573 0.206667 0.779559 0.207333 0.773547 0.205333 0.762525 0.197333 0.740481 0.189333 0.731463 0.184667 0.720441 0.180667 0.706413 0.180000 0.696393 0.166667 0.664329 0.160667 0.654309 0.156000 0.639279 0.146000 0.617234 0.135333 0.602204 0.132000 0.589178 0.126667 0.582164
1 0.403333 0.477956 0.385333 0.490982 0.372000 0.510020 0.354000 0.546092 0.336667 0.605210 0.332667 0.636273 0.333333 0.670341 0.339333 0.707415 0.346667 0.729459 0.360667 0.761523 0.372667 0.779559 0.398000 0.801603 0.422000 0.811623 0.451333 0.815631 0.491333 0.786573 0.514667 0.751503 0.529333 0.712425 0.536000 0.682365 0.540000 0.646293 0.540000 0.614228 0.534000 0.582164 0.529333 0.569138 0.510667 0.541082 0.505333 0.539078 0.490000 0.558116 0.478000 0.559118 0.474667 0.549098 0.451333 0.533066 0.439333 0.518036 0.432667 0.516032 0.425333 0.489980 0.425333 0.477956 0.423333 0.473948
1 0.438667 0.059118 0.425333 0.082164 0.420667 0.105210 0.423333 0.148297 0.429333 0.173347 0.434667 0.182365 0.441333 0.188377 0.464667 0.194389 0.479333 0.204409 0.494000 0.207415 0.496667 0.212425 0.505333 0.212425 0.514000 0.226453 0.522000 0.270541 0.546667 0.310621 0.552667 0.312625 0.565333 0.308617 0.582000 0.298597 0.599333 0.274549 0.610000 0.252505 0.618667 0.226453 0.626667 0.162325 0.626667 0.135271 0.621333 0.102204 0.615333 0.087174 0.599333 0.061122 0.576000 0.038076 0.555333 0.023046 0.526000 0.010020 0.508000 0.010020 0.494000 0.014028 0.471333 0.033066 0.458000 0.040080
1 0.461333 0.300601 0.462000 0.308617 0.465333 0.317635 0.490000 0.360721 0.501333 0.375752 0.504000 0.383768 0.508667 0.390782 0.516667 0.398798 0.574000 0.442886 0.580000 0.449900 0.585333 0.449900 0.586667 0.443888 0.586667 0.423848 0.582000 0.394790 0.577333 0.377756 0.570000 0.358717 0.560667 0.339679 0.544667 0.316633 0.530667 0.305611 0.508000 0.299599 0.497333 0.294589 0.482000 0.293587
