0 0.486604 0.302083 0.461984 0.326042 0.458364 0.336458 0.459088 0.352083 0.452571 0.370833 0.464156 0.450521 0.477915 0.469271 0.500362 0.484375 0.540912 0.503125 0.589428 0.516667 0.616220 0.518229 0.670529 0.507292 0.729906 0.482812 0.743664 0.467708 0.756698 0.445312 0.769732 0.434375 0.779146 0.367708 0.769732 0.347917 0.747285 0.317708 0.727734 0.305729 0.708907 0.298438 0.687183 0.294792 0.648805 0.297917 0.640840 0.314063 0.625634 0.329167 0.614772 0.335417 0.601738 0.335938 0.574222 0.332292 0.559739 0.326562 0.539464 0.311458 0.527878 0.290625
0 0.184649 0.153125 0.136133 0.163021 0.099928 0.175521 0.071687 0.192708 0.056481 0.209375 0.033309 0.225000 0.018827 0.241667 0.008689 0.266146 0.008689 0.313542 0.020999 0.349479 0.045619 0.392188 0.064446 0.412500 0.084721 0.427083 0.169442 0.447396 0.238957 0.447917 0.294714 0.433333 0.331644 0.419792 0.393917 0.381250 0.410572 0.350521 0.412744 0.308854 0.397538 0.271354 0.388849 0.269271 0.383056 0.260937 0.356264 0.253646 0.305576 0.255208 0.301231 0.251563 0.289645 0.259896 0.248371 0.267708 0.230268 0.265625 0.208545 0.240104 0.203476 0.216667 0.210717 0.198437 0.236061 0.182292 0.235337 0.157292 0.226647 0.152083
0 0.563360 0.641146 0.555395 0.648958 0.540188 0.655729 0.525706 0.669271 0.515568 0.684896 0.511948 0.701042 0.511948 0.729167 0.516293 0.745313 0.546705 0.790104 0.560463 0.800000 0.594497 0.816667 0.613324 0.822396 0.646633 0.824479 0.683563 0.821875 0.714699 0.815625 0.731354 0.809375 0.758870 0.793750 0.776973 0.779687 0.795800 0.755208 0.806662 0.723958 0.805214 0.697396 0.793628 0.677083 0.779870 0.663542 0.758146 0.652604 0.724837 0.646354 0.712527 0.646875 0.690080 0.654687 0.670529 0.658333 0.637944 0.657292 0.611875 0.650000 0.603186 0.638021 0.595221 0.632812 0.582911 0.634375
0 0.274439 0.516146 0.215786 0.531771 0.186097 0.546354 0.167994 0.558854 0.126720 0.617708 0.123823 0.628646 0.125272 0.658333 0.141202 0.686979 0.162201 0.708333 0.187545 0.725000 0.220854 0.741146 0.291093 0.750000 0.333816 0.750000 0.349747 0.743229 0.358436 0.729167 0.361332 0.728125 0.366401 0.732812 0.371470 0.728646 0.388125 0.723437 0.395366 0.704688 0.409848 0.688542 0.415641 0.671354 0.413469 0.656250 0.407676 0.649479 0.388125 0.638021 0.361332 0.629687 0.349747 0.621875 0.340333 0.609896 0.340333 0.600000 0.350471 0.588021 0.370022 0.575000 0.390297 0.568229 0.388125 0.553646 0.381608 0.543229 0.380883 0.534375 0.352643 0.523438 0.307748 0.515104
0 0.293990 0.785417 0.272991 0.794271 0.246923 0.811979 0.228820 0.832292 0.221579 0.846354 0.215786 0.873437 0.217234 0.897396 0.233164 0.931771 0.238957 0.939583 0.270818 0.966667 0.307024 0.980208 0.345402 0.980208 0.371470 0.974479 0.388125 0.976042 0.406951 0.969792 0.415641 0.970313 0.428675 0.963021 0.437364 0.942187 0.448226 0.941667 0.459088 0.929688 0.475742 0.932813 0.486604 0.927083 0.502534 0.901042 0.506879 0.880729 0.504707 0.864583 0.497466 0.848958 0.485156 0.833854 0.459088 0.822396 0.449674 0.826562 0.363505 0.827604 0.353367 0.826042 0.338161 0.820312 0.330196 0.814063 0.328747 0.807292 0.322230 0.806250 0.325851 0.805208 0.325851 0.802083 0.320058 0.798438 0.328747 0.794271 0.325851 0.784896 0.317161 0.781250 0.314265 0.784375 0.306300 0.782292
0 0.794352 0.215625 0.775525 0.203646 0.769732 0.201563 0.734251 0.195312 0.721217 0.195312 0.699493 0.198437 0.669080 0.208854 0.653150 0.218750 0.643012 0.227083 0.636495 0.239583 0.635047 0.246354 0.636495 0.255208 0.643736 0.258854 0.649529 0.258854 0.661115 0.263021 0.668356 0.267708 0.665460 0.272396 0.653150 0.271875 0.645185 0.275000 0.645909 0.279167 0.643012 0.282292 0.643012 0.284896 0.645909 0.290625 0.650253 0.293229 0.657495 0.294271 0.678494 0.294792 0.687183 0.293750 0.698769 0.294792 0.726285 0.300521 0.732078 0.299479 0.738595 0.295833 0.739319 0.286979 0.741492 0.283854 0.753802 0.286979 0.775525 0.279167 0.767560 0.266667 0.769008 0.265625 0.785663 0.267188 0.794352 0.263542 0.788559 0.254167 0.792904 0.234375 0.792180 0.232292 0.784214 0.228125 0.784214 0.224479 0.794352 0.217708
0 0.949312 0.261979 0.937726 0.259896 0.913106 0.258333 0.890659 0.261458 0.880521 0.265104 0.874728 0.270313 0.861694 0.290104 0.851557 0.298438 0.846488 0.307812 0.831282 0.323437 0.829109 0.331771 0.829833 0.342187 0.839247 0.360417 0.860970 0.378125 0.868211 0.381771 0.876901 0.383854 0.879797 0.387500 0.895004 0.391667 0.932657 0.391146 0.957277 0.385937 0.968139 0.381250 0.987690 0.368229 0.996379 0.357292 0.999276 0.356771 0.999276 0.279687 0.968139 0.267188
0 0.430847 0.000000 0.420710 0.010937 0.420710 0.020833 0.426503 0.025521 0.433744 0.020313 0.440985 0.031771 0.472846 0.023958 0.495293 0.029167 0.482983 0.036979 0.453295 0.033333 0.440261 0.033854 0.435916 0.037500 0.438088 0.032813 0.426503 0.030729 0.419986 0.047917 0.419261 0.105208 0.430847 0.142187 0.448950 0.173437 0.498190 0.208333 0.534395 0.226562 0.540188 0.225000 0.545981 0.210938 0.553222 0.210938 0.567705 0.219792 0.572049 0.218750 0.575670 0.205729 0.589428 0.189583 0.597393 0.195833 0.598117 0.214062 0.603910 0.225521 0.612600 0.229167 0.627082 0.223958 0.662563 0.200521 0.685735 0.169792 0.703114 0.123438 0.703114 0.108333 0.698045 0.098958 0.631427 0.056771 0.611151 0.050521 0.589428 0.072917 0.567705 0.077083 0.562636 0.060937 0.564808 0.050000 0.556119 0.044792 0.559739 0.040625 0.558291 0.032292 0.553222 0.028646 0.551774 0.014583 0.543809 0.013542 0.551774 0.010417 0.545981 0.000000
0 0.587980 0.017188 0.588704 0.025521 0.605358 0.042708 0.616944 0.048958 0.626358 0.050000 0.654598 0.070312 0.669080 0.077604 0.677046 0.085938 0.685735 0.089063 0.692976 0.090104 0.698769 0.085938 0.707458 0.084375 0.742216 0.083333 0.750905 0.085417 0.763215 0.092708 0.774801 0.093229 0.795800 0.091146 0.806662 0.084896 0.817524 0.083333 0.822592 0.080208 0.828385 0.080729 0.826937 0.076042 0.836350 0.068750 0.834178 0.043750 0.830558 0.040625 0.828385 0.023958 0.824765 0.035417 0.816799 0.036979 0.815351 0.027604 0.818972 0.023958 0.816075 0.017188 0.822592 0.014583 0.823316 0.011979 0.812455 0.000000 0.626358 0.000000 0.616944 0.008854 0.612600 0.009375 0.614772 0.012500 0.612600 0.015104 0.606083 0.017188 0.594497 0.015625
0 0.839247 0.493750 0.834178 0.496875 0.831282 0.505208 0.831282 0.513542 0.836350 0.519792 0.837799 0.525000 0.832006 0.546875 0.832006 0.556771 0.840695 0.570833 0.851557 0.579688 0.902245 0.595313 0.922520 0.597917 0.937002 0.595313 0.951484 0.589583 0.971760 0.578646 0.985518 0.568229 0.986966 0.544792 0.984070 0.531771 0.975380 0.513542 0.960898 0.500521 0.926140 0.488021 0.920348 0.488021 0.916003 0.494271 0.912382 0.495312 0.909486 0.498437 0.907314 0.493229 0.910210 0.489063 0.904417 0.486458 0.902245 0.489583 0.893555 0.492708 0.891383 0.496875 0.892107 0.509896 0.889935 0.513542 0.900072 0.516667 0.893555 0.521875 0.889935 0.518750 0.875453 0.519792 0.867487 0.518229 0.856626 0.509375 0.858798 0.505729 0.855177 0.497917
0 0.698045 0.918229 0.698045 0.920312 0.701665 0.920833 0.707458 0.925000 0.707458 0.935417 0.716872 0.943229 0.727009 0.945312 0.730630 0.950521 0.736423 0.954688 0.741492 0.962500 0.753077 0.970833 0.763939 0.974479 0.784938 0.977604 0.801593 0.977083 0.812455 0.973437 0.822592 0.967708 0.832006 0.957812 0.838523 0.939583 0.836350 0.923958 0.834178 0.920312 0.821868 0.910937 0.800869 0.903125 0.786387 0.900521 0.779146 0.900521 0.776973 0.905208 0.772629 0.908333 0.775525 0.919792 0.773353 0.924479 0.775525 0.927604 0.769732 0.933854 0.767560 0.932813 0.767560 0.926562 0.763215 0.915625 0.757422 0.908854 0.757422 0.903125 0.751629 0.903125 0.747285 0.907292 0.741492 0.906771 0.740043 0.907813 0.742940 0.911979 0.736423 0.913542 0.733526 0.915625 0.733526 0.920833 0.735699 0.923438 0.732078 0.925521 0.727009 0.932813 0.720492 0.935937 0.716872 0.932292 0.716872 0.929167 0.721941 0.923958 0.721941 0.919792 0.713975 0.918229 0.708907 0.915104 0.703838 0.919271
