0 0.295438 0.785937 0.273715 0.794792 0.254888 0.806771 0.235337 0.825000 0.223751 0.844271 0.217958 0.866146 0.217234 0.889583 0.221579 0.907813 0.239681 0.940104 0.272266 0.967187 0.306300 0.980208 0.344678 0.981250 0.370746 0.975000 0.388849 0.978125 0.406227 0.971875 0.415641 0.971875 0.429399 0.960938 0.435916 0.942187 0.452571 0.936458 0.456915 0.925521 0.463432 0.926042 0.475018 0.932292 0.485880 0.927083 0.498190 0.908854 0.503983 0.889583 0.504707 0.871875 0.497466 0.851042 0.485880 0.836458 0.475018 0.829167 0.463432 0.826042 0.394642 0.828646 0.350471 0.826562 0.333816 0.818229 0.328023 0.818229 0.323678 0.809375 0.317161 0.807292 0.311369 0.791667 0.312817 0.786979 0.305576 0.784896
0 0.562636 0.641667 0.554671 0.648958 0.539464 0.656250 0.524982 0.669792 0.515568 0.684896 0.511948 0.699479 0.511224 0.725000 0.516293 0.745833 0.545257 0.789583 0.559015 0.800000 0.586531 0.814063 0.608255 0.821875 0.627082 0.825000 0.665460 0.824479 0.708182 0.817708 0.730630 0.810937 0.758870 0.795312 0.771180 0.786458 0.787111 0.769792 0.799421 0.748958 0.806662 0.725000 0.805938 0.697917 0.793628 0.677083 0.780594 0.664062 0.755974 0.652083 0.725561 0.646354 0.713251 0.646875 0.691528 0.654687 0.671253 0.658333 0.640116 0.657813 0.611875 0.650000 0.603186 0.638542 0.595221 0.632812 0.582187 0.634375
0 0.273715 0.516146 0.207096 0.535417 0.180304 0.550000 0.163650 0.563021 0.127444 0.615625 0.124547 0.627083 0.125272 0.657813 0.129616 0.670312 0.152064 0.699479 0.190442 0.726562 0.225923 0.742188 0.278059 0.748958 0.323678 0.751042 0.343230 0.747396 0.357712 0.728125 0.361332 0.727083 0.366401 0.730208 0.388125 0.723437 0.400434 0.696875 0.409848 0.689063 0.415641 0.664062 0.406951 0.648958 0.388125 0.636979 0.362781 0.630208 0.341057 0.611458 0.343230 0.595313 0.372194 0.574479 0.388849 0.568750 0.389573 0.559896 0.379435 0.536979 0.367849 0.529687 0.335264 0.518750 0.300507 0.515104
0 0.480811 0.305729 0.464881 0.322396 0.459088 0.333333 0.452571 0.368750 0.453295 0.394271 0.464156 0.451042 0.478639 0.469792 0.502534 0.485938 0.546705 0.505729 0.601738 0.519271 0.616220 0.519271 0.671253 0.507292 0.719768 0.486979 0.724837 0.490104 0.726285 0.483333 0.735699 0.478646 0.739319 0.470313 0.745836 0.467187 0.762491 0.438542 0.771180 0.434896 0.774077 0.427604 0.779146 0.364583 0.770456 0.346354 0.748733 0.318750 0.713251 0.298958 0.687907 0.294271 0.664736 0.295312 0.648081 0.298958 0.639392 0.315625 0.616944 0.334896 0.601738 0.335938 0.572049 0.331771 0.556843 0.325000 0.538740 0.310417 0.526430 0.290625 0.496741 0.298438
0 0.175235 0.154167 0.116582 0.168750 0.072411 0.192188 0.019551 0.240104 0.007965 0.268750 0.006517 0.300521 0.016655 0.339062 0.037654 0.380208 0.063722 0.411979 0.084721 0.427083 0.170891 0.447396 0.238233 0.447917 0.292542 0.433854 0.330196 0.419792 0.393917 0.380729 0.409848 0.350521 0.412020 0.307812 0.396814 0.272396 0.387400 0.269271 0.383056 0.261458 0.357712 0.254167 0.330920 0.252604 0.306300 0.255729 0.299783 0.251563 0.290369 0.254688 0.288921 0.259896 0.241130 0.267708 0.227371 0.263021 0.208545 0.239583 0.203476 0.218750 0.209269 0.200000 0.236785 0.181250 0.236785 0.161458 0.230992 0.152604
0 0.430847 0.000000 0.422882 0.005729 0.419261 0.017188 0.420710 0.021875 0.436640 0.029167 0.433020 0.031771 0.425778 0.031250 0.419986 0.046354 0.417813 0.095833 0.430847 0.142187 0.448950 0.173437 0.479363 0.196354 0.535119 0.228646 0.540188 0.226042 0.545981 0.210938 0.553946 0.211458 0.567705 0.222396 0.573497 0.218229 0.575670 0.205729 0.583635 0.200521 0.589428 0.189583 0.597393 0.195833 0.598117 0.216667 0.603910 0.227083 0.611151 0.229687 0.627082 0.223958 0.662563 0.200521 0.685735 0.169792 0.701665 0.130208 0.703114 0.108854 0.699493 0.101042 0.629254 0.055729 0.611151 0.050521 0.589428 0.072396 0.567705 0.077083 0.564808 0.072396 0.566256 0.050521 0.554671 0.025000 0.553222 0.005729 0.548154 0.000000
0 0.999276 0.279167 0.996379 0.279167 0.986242 0.273438 0.954381 0.263021 0.921072 0.257812 0.887762 0.260417 0.878349 0.265625 0.866039 0.279167 0.859522 0.290625 0.849385 0.298958 0.845040 0.308333 0.832730 0.319271 0.829109 0.327083 0.828385 0.336979 0.829833 0.344792 0.839247 0.360938 0.849385 0.370312 0.858074 0.375521 0.865315 0.384896 0.866039 0.388542 0.868211 0.389062 0.871108 0.387500 0.873280 0.388542 0.871108 0.390104 0.871832 0.392708 0.876901 0.391146 0.905865 0.392708 0.910210 0.394792 0.937002 0.391667 0.947140 0.388021 0.958001 0.386979 0.970311 0.380729 0.988414 0.368229 0.995655 0.359375 0.999276 0.358333
0 0.839247 0.492188 0.832730 0.497917 0.829109 0.508854 0.829833 0.513542 0.833454 0.516667 0.836350 0.523438 0.831282 0.546875 0.831282 0.556771 0.841419 0.572917 0.849385 0.579167 0.868936 0.586458 0.909486 0.597396 0.924692 0.597917 0.931209 0.596354 0.937002 0.596875 0.946416 0.593750 0.984070 0.573958 0.987690 0.569271 0.984794 0.532813 0.973932 0.510938 0.961622 0.500000 0.931933 0.489063 0.923244 0.487500 0.920348 0.488542 0.909486 0.500521 0.903693 0.497917 0.906589 0.485417 0.904417 0.484375 0.902245 0.489063 0.893555 0.491146 0.890659 0.497396 0.891383 0.513542 0.899348 0.515104 0.900797 0.517708 0.894280 0.522396 0.887762 0.519792 0.882694 0.521354 0.880521 0.520312 0.866763 0.520833 0.864591 0.516146 0.857350 0.509375 0.858074 0.505208 0.855177 0.499479 0.850109 0.496354 0.845040 0.496354
0 0.789283 0.192188 0.784938 0.192188 0.779870 0.188021 0.766836 0.184896 0.751629 0.186979 0.747285 0.190625 0.741492 0.188021 0.739319 0.189062 0.740768 0.192708 0.739319 0.193750 0.707458 0.196354 0.676322 0.204687 0.645909 0.223438 0.637944 0.232292 0.633599 0.252083 0.637944 0.257292 0.658943 0.261979 0.667632 0.267188 0.666184 0.272396 0.648805 0.272396 0.644461 0.275000 0.641564 0.284375 0.643736 0.290625 0.648081 0.294792 0.687907 0.294271 0.708907 0.296875 0.726285 0.302604 0.738595 0.302083 0.741492 0.301042 0.739319 0.294792 0.739319 0.286979 0.741492 0.284375 0.746560 0.283854 0.752353 0.287500 0.756698 0.286979 0.774077 0.279167 0.774077 0.275521 0.768284 0.267188 0.781318 0.266667 0.784938 0.269271 0.792904 0.264062 0.787835 0.251563 0.792180 0.241146 0.792904 0.232813 0.790731 0.229687 0.784938 0.228125 0.784214 0.224479 0.793628 0.218750 0.795076 0.216146 0.790007 0.210938 0.784938 0.209375 0.775525 0.201563 0.765387 0.196875 0.774077 0.196354 0.776973 0.193229 0.784938 0.193750 0.790007 0.193229
0 0.582911 0.000000 0.585807 0.010417 0.582187 0.021875 0.589428 0.032813 0.599566 0.042188 0.610427 0.048958 0.624909 0.052083 0.626358 0.054167 0.634323 0.056771 0.654598 0.071875 0.664012 0.075521 0.665460 0.079687 0.670529 0.081771 0.675597 0.087500 0.695148 0.089063 0.708182 0.083333 0.747285 0.082292 0.760319 0.079167 0.770456 0.071354 0.773353 0.066146 0.779870 0.063021 0.781318 0.059896 0.804490 0.043750 0.808110 0.043229 0.811731 0.045833 0.815351 0.045833 0.817524 0.048958 0.824041 0.045833 0.824041 0.043750 0.815351 0.038021 0.819696 0.032813 0.814627 0.029687 0.816075 0.016667 0.809558 0.005729 0.811731 0.001563 0.815351 0.004167 0.822592 0.005208 0.827661 0.000000 0.617668 0.000000 0.615496 0.005729 0.612600 0.006771 0.588704 0.006250 0.585807 0.000000
