0 0.755333 0.654309 0.751333 0.666333 0.744667 0.669339 0.746000 0.678357 0.752667 0.691383 0.756000 0.691383 0.758667 0.676353 0.760667 0.678357 0.760000 0.702405 0.757333 0.707415 0.758667 0.714429 0.752000 0.732465 0.744667 0.739479 0.732000 0.745491 0.720000 0.739479 0.712000 0.726453 0.714667 0.695391 0.717333 0.689379 0.698000 0.708417 0.693333 0.721443 0.680000 0.783567 0.679333 0.812625 0.683333 0.835671 0.690000 0.855711 0.708667 0.884770 0.721333 0.896794 0.739333 0.907816 0.754000 0.911824 0.778000 0.911824 0.788000 0.908818 0.803333 0.897796 0.818667 0.879760 0.824000 0.867735 0.810667 0.862725 0.804667 0.854709 0.804000 0.849699 0.812000 0.773547 0.808000 0.748497 0.816667 0.712425 0.804667 0.695391 0.778667 0.675351 0.764667 0.668337 0.759333 0.656313
0 0.790667 0.457916 0.790000 0.461924 0.792667 0.466934 0.792667 0.478958 0.798000 0.512024 0.802000 0.517034 0.808667 0.518036 0.811333 0.521042 0.811333 0.528056 0.808000 0.534068 0.802000 0.534068 0.799333 0.539078 0.787333 0.546092 0.781333 0.566132 0.783333 0.579158 0.796667 0.608216 0.841333 0.634269 0.846000 0.639279 0.870000 0.651303 0.878667 0.651303 0.892000 0.644289 0.899333 0.638277 0.909333 0.624248 0.919333 0.591182 0.923333 0.573146 0.924000 0.558116 0.923333 0.554108 0.919333 0.553106 0.906000 0.567134 0.894667 0.597194 0.890000 0.598196 0.885333 0.592184 0.879333 0.575150 0.877333 0.562124 0.879333 0.534068 0.888667 0.491984 0.888667 0.483968 0.885333 0.477956 0.871333 0.468938 0.848667 0.464930 0.835333 0.468938 0.814000 0.483968 0.812000 0.472946 0.803333 0.460922
0 0.632667 0.473948 0.630667 0.484970 0.647333 0.496994 0.652667 0.497996 0.660000 0.507014 0.678000 0.512024 0.692667 0.508016 0.698000 0.509018 0.708667 0.504008 0.716667 0.504008 0.719333 0.508016 0.720667 0.517034 0.727333 0.514028 0.732000 0.516032 0.732667 0.521042 0.728000 0.527054 0.712000 0.520040 0.710000 0.522044 0.688667 0.524048 0.685333 0.532064 0.686667 0.538076 0.698000 0.557114 0.718667 0.580160 0.726000 0.585170 0.748667 0.585170 0.745333 0.579158 0.747333 0.575150 0.749333 0.560120 0.762000 0.547094 0.779333 0.521042 0.770667 0.488978 0.758667 0.460922 0.750667 0.448898 0.740000 0.437876 0.719333 0.425852 0.695333 0.426854 0.658667 0.443888 0.643333 0.455912
0 0.202667 0.799599 0.201333 0.797595 0.194000 0.798597 0.179333 0.804609 0.175333 0.813627 0.174000 0.825651 0.163333 0.839679 0.156000 0.839679 0.149333 0.834669 0.136667 0.814629 0.136000 0.808617 0.126667 0.810621 0.122000 0.818637 0.109333 0.829659 0.098667 0.847695 0.090667 0.873747 0.086667 0.900802 0.086667 0.921844 0.089333 0.939880 0.090667 0.941884 0.096667 0.941884 0.118667 0.928858 0.128667 0.929860 0.146667 0.937876 0.176667 0.926854 0.208000 0.921844 0.212000 0.919840 0.216667 0.913828 0.220667 0.914830 0.219333 0.902806 0.220000 0.890782 0.212667 0.887776 0.208667 0.883768 0.201333 0.864729 0.201333 0.839679 0.204000 0.811623
0 0.548000 0.589178 0.540667 0.600200 0.542000 0.643287 0.538667 0.679359 0.530667 0.714429 0.515333 0.755511 0.514000 0.767535 0.534667 0.811623 0.552000 0.835671 0.590000 0.855711 0.634667 0.846693 0.653333 0.826653 0.670000 0.800601 0.684000 0.759519 0.688000 0.737475 0.690000 0.702405 0.689333 0.672345 0.684000 0.649299 0.670667 0.623246 0.646000 0.600200 0.636000 0.613226 0.621333 0.644289 0.610667 0.657315 0.600000 0.659319 0.582000 0.651303 0.572000 0.636273 0.564000 0.632265 0.562667 0.606212 0.558667 0.599198 0.556000 0.587174
0 0.318667 0.584168 0.283333 0.626253 0.264667 0.661323 0.256000 0.707415 0.253333 0.749499 0.255333 0.754509 0.263333 0.760521 0.267333 0.770541 0.281333 0.789579 0.283333 0.805611 0.279333 0.823647 0.279333 0.836673 0.284000 0.847695 0.295333 0.861723 0.310667 0.874749 0.340000 0.877756 0.358667 0.875752 0.403333 0.844689 0.411333 0.831663 0.417333 0.813627 0.388000 0.797595 0.368000 0.776553 0.353333 0.749499 0.338000 0.713427 0.338000 0.708417 0.332667 0.706413 0.329333 0.711423 0.326667 0.700401 0.323333 0.696393 0.326000 0.693387 0.325333 0.688377 0.322000 0.691383 0.321333 0.687375 0.317333 0.687375 0.316000 0.693387 0.320000 0.698397 0.314000 0.698397 0.309333 0.684369 0.314000 0.680361 0.322000 0.684369 0.326667 0.680361 0.329333 0.672345 0.330667 0.633267 0.335333 0.609218 0.332000 0.587174 0.326667 0.583166
1 0.286667 0.174349 0.273333 0.183367 0.239333 0.218437 0.218667 0.250501 0.207333 0.290581 0.208000 0.339679 0.219333 0.386774 0.239333 0.394790 0.266000 0.397796 0.297333 0.429860 0.324000 0.446894 0.337333 0.469940 0.342000 0.469940 0.352667 0.460922 0.359333 0.448898 0.392667 0.360721 0.402000 0.321643 0.404000 0.303607 0.402667 0.272545 0.382667 0.223447 0.372667 0.212425 0.360667 0.208417 0.351333 0.221443 0.342000 0.252505 0.322000 0.293587 0.313333 0.295591 0.298000 0.291583 0.283333 0.279559 0.276000 0.261523 0.276667 0.251503 0.284000 0.232465 0.282000 0.210421 0.298667 0.211423 0.304000 0.220441 0.310000 0.222445 0.320667 0.201403 0.324000 0.188377 0.323333 0.180361 0.314000 0.172345
1 0.442000 0.055110 0.425333 0.082164 0.420667 0.099198 0.421333 0.135271 0.430000 0.176353 0.441333 0.189379 0.468000 0.195391 0.478000 0.203407 0.492667 0.207415 0.496000 0.212425 0.505333 0.212425 0.514000 0.226453 0.522000 0.271543 0.530667 0.288577 0.537333 0.295591 0.538667 0.301603 0.548000 0.312625 0.567333 0.307615 0.583333 0.297595 0.604667 0.264529 0.618000 0.228457 0.626667 0.161323 0.626667 0.136273 0.624000 0.114228 0.619333 0.096192 0.607333 0.073146 0.597333 0.059118 0.573333 0.036072 0.555333 0.023046 0.525333 0.010020 0.508667 0.010020 0.494667 0.014028
1 0.122000 0.585170 0.104000 0.621242 0.098000 0.639279 0.096000 0.650301 0.096000 0.662325 0.098667 0.676353 0.098667 0.690381 0.101333 0.701403 0.098667 0.712425 0.098667 0.720441 0.104000 0.737475 0.108667 0.747495 0.124000 0.770541 0.134667 0.779559 0.138000 0.778557 0.147333 0.785571 0.161333 0.791583 0.178667 0.791583 0.202000 0.785571 0.206667 0.779559 0.205333 0.763527 0.197333 0.740481 0.189333 0.731463 0.184667 0.720441 0.180667 0.706413 0.178667 0.692385 0.166667 0.664329 0.160667 0.654309 0.156667 0.641283 0.143333 0.612224 0.139333 0.609218 0.135333 0.602204 0.132000 0.589178 0.126667 0.582164
1 0.406000 0.476954 0.386000 0.489980 0.372000 0.510020 0.352000 0.551102 0.344000 0.575150 0.333333 0.625251 0.333333 0.671343 0.339333 0.707415 0.349333 0.737475 0.360667 0.761523 0.372667 0.779559 0.398000 0.801603 0.404000 0.801603 0.422000 0.811623 0.450667 0.815631 0.476667 0.799599 0.491333 0.786573 0.516000 0.748497 0.529333 0.712425 0.536667 0.679359 0.540667 0.633267 0.539333 0.607214 0.530667 0.572144 0.525333 0.560120 0.510667 0.541082 0.505333 0.539078 0.488000 0.559118 0.478000 0.559118 0.474667 0.549098 0.451333 0.533066 0.439333 0.518036 0.435333 0.519038 0.430667 0.513026 0.423333 0.473948
1 0.462000 0.299599 0.462000 0.308617 0.465333 0.317635 0.489333 0.359719 0.501333 0.375752 0.505333 0.386774 0.515333 0.397796 0.552000 0.424850 0.564667 0.436874 0.577333 0.445892 0.580000 0.449900 0.584667 0.450902 0.586000 0.448898 0.586000 0.416834 0.578000 0.379760 0.571333 0.361723 0.561333 0.340681 0.544667 0.316633 0.530667 0.305611 0.510000 0.300601 0.498000 0.294589 0.482000 0.293587
