0 0.548000 0.590180 0.540667 0.602204 0.542000 0.644289 0.538667 0.678357 0.530667 0.714429 0.515333 0.756513 0.514000 0.765531 0.515333 0.771543 0.537333 0.815631 0.553333 0.835671 0.578667 0.851703 0.591333 0.855711 0.634000 0.846693 0.654000 0.825651 0.670000 0.799599 0.684000 0.759519 0.688667 0.729459 0.690000 0.686373 0.688000 0.664329 0.682667 0.646293 0.667333 0.619238 0.646000 0.600200 0.640000 0.606212 0.627333 0.635271 0.611333 0.658317 0.603333 0.661323 0.588000 0.656313 0.580000 0.650301 0.572000 0.637275 0.568000 0.640281 0.563333 0.634269 0.562000 0.609218 0.556000 0.590180 0.554000 0.588176
0 0.755333 0.653307 0.752667 0.664329 0.744667 0.667335 0.742667 0.673347 0.750000 0.684369 0.751333 0.696393 0.757333 0.695391 0.756667 0.715431 0.752667 0.729459 0.744667 0.738477 0.733333 0.744489 0.728000 0.744489 0.725333 0.740481 0.720667 0.739479 0.713333 0.725451 0.717333 0.702405 0.716667 0.695391 0.718667 0.691383 0.717333 0.688377 0.714000 0.690381 0.711333 0.696393 0.698667 0.707415 0.693333 0.719439 0.678667 0.789579 0.678667 0.809619 0.682000 0.831663 0.688667 0.852705 0.696667 0.868737 0.713333 0.889780 0.723333 0.898798 0.741333 0.908818 0.762667 0.912826 0.778667 0.911824 0.790000 0.907816 0.802667 0.898798 0.818000 0.880762 0.824667 0.867735 0.810000 0.861723 0.805333 0.855711 0.804000 0.844689 0.812000 0.774549 0.808667 0.756513 0.808667 0.743487 0.817333 0.714429 0.806000 0.696393 0.777333 0.674349 0.764667 0.668337 0.759333 0.655311
0 0.794000 0.462926 0.792667 0.472946 0.798000 0.511022 0.800000 0.515030 0.810000 0.517034 0.812667 0.520040 0.812667 0.528056 0.806667 0.539078 0.802667 0.537074 0.788000 0.550100 0.782000 0.565130 0.782000 0.572144 0.786000 0.586172 0.796667 0.608216 0.841333 0.634269 0.846000 0.639279 0.871333 0.652305 0.877333 0.652305 0.892667 0.644289 0.908667 0.626253 0.923333 0.574148 0.924000 0.558116 0.923333 0.555110 0.918667 0.555110 0.908667 0.565130 0.904000 0.573146 0.894667 0.599198 0.888667 0.599198 0.884667 0.593186 0.878000 0.570140 0.877333 0.547094 0.888000 0.493988 0.888000 0.483968 0.886000 0.478958 0.868000 0.467936 0.843333 0.465932 0.828667 0.472946 0.814000 0.484970 0.812000 0.481964 0.811333 0.472946 0.801333 0.460922
0 0.632000 0.474950 0.630667 0.484970 0.645333 0.495992 0.654000 0.498998 0.658000 0.506012 0.669333 0.511022 0.685333 0.512024 0.708667 0.504008 0.718000 0.506012 0.720667 0.518036 0.727333 0.514028 0.732000 0.516032 0.732667 0.521042 0.728000 0.527054 0.716667 0.523046 0.712000 0.518036 0.708667 0.522044 0.704667 0.520040 0.701333 0.523046 0.688667 0.524048 0.685333 0.532064 0.688667 0.542084 0.698000 0.557114 0.719333 0.581162 0.726667 0.586172 0.749333 0.587174 0.750667 0.584168 0.748667 0.572144 0.750667 0.563126 0.777333 0.527054 0.780667 0.520040 0.766000 0.473948 0.762667 0.470942 0.758667 0.460922 0.739333 0.436874 0.720000 0.425852 0.698667 0.425852 0.656667 0.444890 0.643333 0.455912
0 0.204000 0.798597 0.193333 0.798597 0.180000 0.803607 0.174667 0.813627 0.173333 0.825651 0.168667 0.833667 0.162667 0.839679 0.156000 0.839679 0.148667 0.833667 0.136667 0.814629 0.137333 0.808617 0.136000 0.807615 0.126000 0.810621 0.122667 0.817635 0.109333 0.829659 0.098667 0.847695 0.090667 0.872745 0.086667 0.899800 0.086667 0.922846 0.088667 0.938878 0.090667 0.941884 0.096000 0.941884 0.118667 0.928858 0.130667 0.929860 0.147333 0.936874 0.172000 0.927856 0.206667 0.921844 0.213333 0.917836 0.215333 0.914830 0.215333 0.905812 0.218000 0.901804 0.221333 0.890782 0.218667 0.886774 0.214667 0.886774 0.209333 0.882766 0.206000 0.877756 0.202000 0.864729 0.202000 0.836673 0.203333 0.831663 0.204000 0.811623 0.205333 0.808617
0 0.319333 0.584168 0.290667 0.616232 0.266000 0.659319 0.256667 0.707415 0.254000 0.750501 0.259333 0.757515 0.265333 0.760521 0.269333 0.772545 0.282000 0.790581 0.283333 0.806613 0.279333 0.824649 0.280000 0.838677 0.296000 0.861723 0.313333 0.872745 0.334000 0.875752 0.356667 0.874749 0.402000 0.844689 0.410667 0.832665 0.417333 0.814629 0.404000 0.804609 0.387333 0.797595 0.368667 0.777555 0.336667 0.713427 0.337333 0.708417 0.328667 0.715431 0.326000 0.711423 0.322000 0.713427 0.317333 0.710421 0.313333 0.703407 0.308000 0.684369 0.314000 0.676353 0.320000 0.680361 0.326667 0.679359 0.330667 0.653307 0.331333 0.625251 0.335333 0.608216 0.331333 0.586172
1 0.124667 0.583166 0.120000 0.588176 0.114667 0.601202 0.106000 0.616232 0.096667 0.644289 0.095333 0.656313 0.098000 0.671343 0.098667 0.691383 0.101333 0.702405 0.098000 0.714429 0.098000 0.719439 0.103333 0.736473 0.108000 0.746493 0.122667 0.769539 0.134000 0.779559 0.138667 0.779559 0.152000 0.788577 0.165333 0.792585 0.177333 0.792585 0.183333 0.789579 0.192667 0.789579 0.202000 0.786573 0.206667 0.779559 0.207333 0.773547 0.201333 0.750501 0.197333 0.740481 0.189333 0.731463 0.184667 0.720441 0.180667 0.706413 0.178667 0.692385 0.166667 0.664329 0.162000 0.657315 0.156000 0.639279 0.146000 0.617234 0.135333 0.602204 0.132667 0.590180 0.128000 0.583166
1 0.289333 0.173347 0.274667 0.182365 0.239333 0.218437 0.218667 0.250501 0.207333 0.290581 0.208000 0.339679 0.219333 0.386774 0.239333 0.394790 0.266000 0.397796 0.297333 0.429860 0.322667 0.445892 0.336000 0.463928 0.337333 0.469940 0.342000 0.469940 0.357333 0.452906 0.393333 0.357715 0.402000 0.320641 0.404000 0.302605 0.402667 0.273547 0.382667 0.223447 0.369333 0.210421 0.361333 0.208417 0.352000 0.220441 0.342000 0.252505 0.322000 0.293587 0.313333 0.295591 0.298000 0.291583 0.283333 0.279559 0.276000 0.261523 0.276667 0.251503 0.284000 0.232465 0.282000 0.211423 0.284000 0.208417 0.298667 0.211423 0.304000 0.220441 0.310000 0.222445 0.311333 0.215431 0.320667 0.201403 0.324000 0.188377 0.323333 0.180361 0.314000 0.172345
1 0.441333 0.056112 0.425333 0.082164 0.420667 0.101202 0.422000 0.140281 0.430000 0.176353 0.439333 0.188377 0.451333 0.190381 0.458667 0.195391 0.467333 0.195391 0.470667 0.200401 0.482000 0.205411 0.486667 0.204409 0.496000 0.212425 0.505333 0.212425 0.514000 0.226453 0.522667 0.274549 0.546000 0.310621 0.552667 0.312625 0.565333 0.308617 0.583333 0.297595 0.600667 0.271543 0.610667 0.250501 0.618000 0.228457 0.626667 0.161323 0.626000 0.129259 0.621333 0.102204 0.607333 0.073146 0.599333 0.061122 0.574667 0.037074 0.553333 0.022044 0.525333 0.010020 0.508667 0.010020 0.494667 0.014028 0.454667 0.043086
1 0.403333 0.477956 0.386000 0.489980 0.376667 0.503006 0.348667 0.560120 0.333333 0.625251 0.332667 0.662325 0.340000 0.710421 0.350000 0.738477 0.360667 0.761523 0.372667 0.779559 0.398667 0.801603 0.422000 0.811623 0.451333 0.815631 0.491333 0.786573 0.514667 0.751503 0.529333 0.712425 0.536667 0.678357 0.540000 0.645291 0.539333 0.609218 0.529333 0.569138 0.510000 0.540080 0.505333 0.539078 0.488000 0.559118 0.478000 0.559118 0.474667 0.549098 0.451333 0.533066 0.440000 0.521042 0.439333 0.517034 0.435333 0.518036 0.430667 0.513026 0.429333 0.500000 0.425333 0.489980 0.426000 0.478958 0.423333 0.472946
1 0.458000 0.296593 0.458667 0.302605 0.461333 0.304609 0.466667 0.320641 0.490000 0.360721 0.497333 0.368737 0.504000 0.384770 0.509333 0.391784 0.528000 0.407816 0.552000 0.424850 0.560000 0.432866 0.577333 0.445892 0.580000 0.449900 0.584000 0.450902 0.585333 0.448898 0.586667 0.442886 0.586000 0.417836 0.578000 0.379760 0.573333 0.366733 0.560667 0.339679 0.546000 0.317635 0.531333 0.304609 0.509333 0.298597 0.502667 0.294589 0.494667 0.292585 0.482000 0.292585 0.478000 0.294589
