0 0.625000 0.290000 0.607500 0.310000 0.595000 0.337000 0.591250 0.353000 0.593750 0.389000 0.606250 0.404000 0.655000 0.393000 0.675000 0.395000 0.661250 0.408000 0.662500 0.412000 0.658750 0.415000 0.667500 0.419000 0.662500 0.424000 0.666250 0.441000 0.680000 0.444000 0.682500 0.439000 0.680000 0.427000 0.696250 0.424000 0.697500 0.419000 0.708750 0.414000 0.747500 0.429000 0.765000 0.443000 0.771250 0.455000 0.790000 0.468000 0.813750 0.477000 0.848750 0.480000 0.865000 0.479000 0.895000 0.469000 0.913750 0.457000 0.930000 0.441000 0.942500 0.418000 0.947500 0.400000 0.947500 0.366000 0.938750 0.338000 0.923750 0.308000 0.907500 0.290000 0.853750 0.257000 0.828750 0.249000 0.783750 0.241000 0.723750 0.243000 0.671250 0.259000
0 0.233750 0.267000 0.178750 0.278000 0.155000 0.289000 0.137500 0.310000 0.117500 0.328000 0.107500 0.346000 0.105000 0.367000 0.111250 0.390000 0.111250 0.424000 0.117500 0.439000 0.131250 0.454000 0.153750 0.467000 0.173750 0.472000 0.177500 0.475000 0.187500 0.476000 0.206250 0.487000 0.223750 0.490000 0.251250 0.490000 0.267500 0.487000 0.282500 0.481000 0.307500 0.477000 0.326250 0.467000 0.340000 0.455000 0.360000 0.427000 0.365000 0.404000 0.361250 0.389000 0.363750 0.359000 0.358750 0.343000 0.346250 0.325000 0.310000 0.296000 0.270000 0.272000 0.256250 0.268000
0 0.585000 0.734000 0.556250 0.733000 0.545000 0.727000 0.521250 0.728000 0.475000 0.738000 0.448750 0.749000 0.432500 0.764000 0.421250 0.784000 0.410000 0.814000 0.407500 0.830000 0.408750 0.850000 0.417500 0.877000 0.427500 0.893000 0.438750 0.904000 0.450000 0.911000 0.471250 0.919000 0.498750 0.923000 0.553750 0.921000 0.585000 0.907000 0.598750 0.895000 0.610000 0.879000 0.617500 0.856000 0.615000 0.835000 0.617500 0.766000 0.610000 0.752000 0.601250 0.743000
0 0.696250 0.759000 0.690000 0.760000 0.685000 0.763000 0.686250 0.771000 0.680000 0.776000 0.675000 0.775000 0.665000 0.767000 0.653750 0.771000 0.643750 0.779000 0.636250 0.790000 0.633750 0.797000 0.633750 0.803000 0.636250 0.806000 0.631250 0.809000 0.630000 0.827000 0.636250 0.845000 0.645000 0.857000 0.657500 0.866000 0.678750 0.875000 0.690000 0.877000 0.708750 0.877000 0.717500 0.872000 0.711250 0.865000 0.710000 0.845000 0.712500 0.841000 0.712500 0.832000 0.705000 0.827000 0.696250 0.826000 0.693750 0.823000 0.688750 0.823000 0.686250 0.821000 0.675000 0.819000 0.656250 0.811000 0.645000 0.811000 0.642500 0.808000 0.636250 0.806000 0.640000 0.804000 0.645000 0.806000 0.651250 0.805000 0.653750 0.808000 0.681250 0.808000 0.695000 0.812000 0.700000 0.812000 0.705000 0.815000 0.723750 0.818000 0.728750 0.811000 0.730000 0.802000 0.722500 0.767000 0.720000 0.763000 0.715000 0.761000
0 0.643750 0.652000 0.633750 0.656000 0.625000 0.661000 0.612500 0.672000 0.606250 0.681000 0.606250 0.684000 0.603750 0.687000 0.602500 0.695000 0.601250 0.696000 0.602500 0.709000 0.603750 0.710000 0.603750 0.714000 0.605000 0.715000 0.606250 0.721000 0.608750 0.725000 0.617500 0.731000 0.627500 0.735000 0.636250 0.737000 0.655000 0.745000 0.667500 0.747000 0.668750 0.748000 0.690000 0.748000 0.691250 0.747000 0.695000 0.747000 0.710000 0.740000 0.720000 0.732000 0.725000 0.725000 0.732500 0.705000 0.731250 0.694000 0.730000 0.693000 0.730000 0.689000 0.727500 0.683000 0.720000 0.672000 0.710000 0.664000 0.695000 0.655000 0.692500 0.655000 0.678750 0.650000 0.670000 0.650000 0.668750 0.649000 0.652500 0.650000 0.647500 0.652000
0 0.812500 0.678000 0.808750 0.678000 0.807500 0.677000 0.796250 0.678000 0.795000 0.679000 0.790000 0.679000 0.773750 0.683000 0.766250 0.683000 0.765000 0.684000 0.758750 0.684000 0.757500 0.685000 0.747500 0.686000 0.740000 0.694000 0.738750 0.699000 0.733750 0.706000 0.730000 0.718000 0.722500 0.731000 0.722500 0.744000 0.725000 0.747000 0.725000 0.751000 0.728750 0.757000 0.745000 0.769000 0.758750 0.775000 0.776250 0.778000 0.777500 0.779000 0.788750 0.779000 0.790000 0.778000 0.796250 0.778000 0.805000 0.775000 0.808750 0.775000 0.823750 0.768000 0.837500 0.757000 0.845000 0.748000 0.846250 0.740000 0.848750 0.735000 0.848750 0.720000 0.847500 0.719000 0.847500 0.715000 0.843750 0.705000 0.836250 0.694000 0.831250 0.689000 0.821250 0.682000
0 0.850000 0.482000 0.815000 0.480000 0.790000 0.473000 0.776250 0.473000 0.757500 0.486000 0.756250 0.500000 0.753750 0.502000 0.746250 0.501000 0.737500 0.504000 0.716250 0.519000 0.706250 0.513000 0.705000 0.507000 0.690000 0.519000 0.686250 0.515000 0.685000 0.508000 0.675000 0.502000 0.665000 0.513000 0.653750 0.543000 0.653750 0.603000 0.660000 0.624000 0.678750 0.647000 0.701250 0.656000 0.721250 0.671000 0.737500 0.679000 0.776250 0.681000 0.815000 0.672000 0.855000 0.640000 0.870000 0.621000 0.878750 0.591000 0.877500 0.572000 0.870000 0.557000 0.875000 0.533000 0.865000 0.499000 0.858750 0.489000
0 0.298750 0.816000 0.293750 0.819000 0.291250 0.823000 0.291250 0.825000 0.286250 0.833000 0.285000 0.838000 0.272500 0.859000 0.272500 0.864000 0.271250 0.866000 0.272500 0.867000 0.272500 0.874000 0.273750 0.875000 0.275000 0.881000 0.282500 0.890000 0.290000 0.896000 0.301250 0.901000 0.305000 0.901000 0.310000 0.903000 0.322500 0.904000 0.323750 0.905000 0.347500 0.905000 0.361250 0.900000 0.366250 0.896000 0.367500 0.896000 0.376250 0.888000 0.385000 0.874000 0.387500 0.859000 0.386250 0.858000 0.385000 0.845000 0.382500 0.842000 0.382500 0.840000 0.380000 0.837000 0.378750 0.833000 0.370000 0.825000 0.361250 0.822000 0.355000 0.822000 0.353750 0.821000 0.342500 0.820000 0.341250 0.819000 0.337500 0.819000 0.331250 0.817000 0.325000 0.817000 0.318750 0.815000 0.303750 0.815000 0.302500 0.816000
0 0.000000 0.730000 0.000000 0.804000 0.040000 0.830000 0.103750 0.851000 0.117500 0.869000 0.137500 0.881000 0.173750 0.891000 0.215000 0.890000 0.248750 0.877000 0.270000 0.861000 0.282500 0.840000 0.291250 0.818000 0.293750 0.787000 0.290000 0.768000 0.280000 0.748000 0.245000 0.732000 0.230000 0.713000 0.217500 0.704000 0.195000 0.695000 0.168750 0.689000 0.157500 0.689000 0.142500 0.694000 0.125000 0.696000 0.080000 0.691000 0.041250 0.703000
0 0.372500 0.420000 0.362500 0.427000 0.357500 0.436000 0.353750 0.439000 0.352500 0.443000 0.346250 0.451000 0.341250 0.461000 0.341250 0.477000 0.342500 0.478000 0.342500 0.483000 0.350000 0.497000 0.353750 0.501000 0.373750 0.515000 0.386250 0.519000 0.417500 0.520000 0.418750 0.519000 0.432500 0.518000 0.442500 0.515000 0.447500 0.515000 0.450000 0.510000 0.450000 0.491000 0.451250 0.490000 0.452500 0.491000 0.456250 0.491000 0.457500 0.489000 0.451250 0.486000 0.448750 0.481000 0.448750 0.478000 0.445000 0.475000 0.438750 0.477000 0.430000 0.477000 0.426250 0.474000 0.426250 0.470000 0.428750 0.467000 0.430000 0.459000 0.431250 0.458000 0.428750 0.443000 0.425000 0.441000 0.415000 0.430000 0.410000 0.427000 0.410000 0.425000 0.398750 0.414000 0.385000 0.415000
0 0.278750 0.646000 0.253750 0.655000 0.238750 0.669000 0.232500 0.680000 0.232500 0.685000 0.230000 0.691000 0.231250 0.706000 0.240000 0.722000 0.246250 0.728000 0.258750 0.736000 0.270000 0.741000 0.283750 0.744000 0.305000 0.743000 0.321250 0.738000 0.328750 0.733000 0.332500 0.733000 0.343750 0.721000 0.348750 0.712000 0.350000 0.703000 0.347500 0.701000 0.343750 0.701000 0.336250 0.695000 0.333750 0.695000 0.331250 0.693000 0.331250 0.691000 0.333750 0.689000 0.330000 0.686000 0.330000 0.682000 0.332500 0.680000 0.343750 0.679000 0.346250 0.677000 0.343750 0.671000 0.338750 0.667000 0.337500 0.663000 0.332500 0.663000 0.330000 0.665000 0.326250 0.672000 0.323750 0.672000 0.321250 0.670000 0.322500 0.667000 0.321250 0.659000 0.325000 0.654000 0.321250 0.650000 0.303750 0.646000
0 0.406250 0.723000 0.402500 0.723000 0.398750 0.720000 0.395000 0.719000 0.381250 0.719000 0.380000 0.718000 0.362500 0.719000 0.358750 0.721000 0.353750 0.721000 0.351250 0.724000 0.342500 0.728000 0.341250 0.731000 0.332500 0.738000 0.328750 0.744000 0.322500 0.744000 0.316250 0.747000 0.306250 0.747000 0.291250 0.752000 0.290000 0.762000 0.292500 0.767000 0.295000 0.785000 0.300000 0.796000 0.312500 0.807000 0.316250 0.808000 0.321250 0.812000 0.338750 0.818000 0.345000 0.818000 0.352500 0.820000 0.367500 0.820000 0.377500 0.817000 0.382500 0.817000 0.397500 0.812000 0.410000 0.802000 0.417500 0.787000 0.418750 0.776000 0.421250 0.773000 0.422500 0.767000 0.416250 0.762000 0.412500 0.765000 0.410000 0.764000 0.410000 0.760000 0.411250 0.759000 0.410000 0.758000 0.410000 0.754000 0.412500 0.752000 0.416250 0.757000 0.416250 0.753000 0.408750 0.748000 0.410000 0.745000 0.407500 0.740000 0.410000 0.736000 0.408750 0.735000 0.408750 0.731000 0.412500 0.728000
0 0.100000 0.585000 0.080000 0.593000 0.073750 0.597000 0.060000 0.611000 0.053750 0.626000 0.053750 0.641000 0.052500 0.642000 0.058750 0.661000 0.071250 0.677000 0.082500 0.686000 0.098750 0.692000 0.108750 0.694000 0.123750 0.695000 0.125000 0.694000 0.141250 0.693000 0.152500 0.690000 0.166250 0.684000 0.180000 0.673000 0.185000 0.664000 0.185000 0.660000 0.181250 0.658000 0.182500 0.651000 0.178750 0.645000 0.173750 0.629000 0.173750 0.615000 0.171250 0.607000 0.166250 0.599000 0.153750 0.590000 0.145000 0.588000 0.138750 0.588000 0.133750 0.586000 0.127500 0.586000 0.126250 0.585000 0.116250 0.585000 0.115000 0.584000 0.111250 0.585000
0 0.325000 0.099000 0.321250 0.102000 0.321250 0.115000 0.325000 0.118000 0.325000 0.121000 0.326250 0.122000 0.327500 0.138000 0.330000 0.142000 0.328750 0.146000 0.331250 0.149000 0.332500 0.158000 0.335000 0.161000 0.335000 0.165000 0.340000 0.165000 0.341250 0.166000 0.350000 0.165000 0.352500 0.167000 0.352500 0.171000 0.348750 0.175000 0.348750 0.186000 0.353750 0.196000 0.358750 0.199000 0.366250 0.199000 0.377500 0.203000 0.388750 0.203000 0.390000 0.204000 0.403750 0.204000 0.407500 0.203000 0.426250 0.188000 0.432500 0.179000 0.436250 0.170000 0.436250 0.144000 0.435000 0.143000 0.433750 0.134000 0.431250 0.132000 0.428750 0.126000 0.422500 0.119000 0.406250 0.107000 0.393750 0.100000 0.375000 0.094000 0.351250 0.093000 0.350000 0.094000 0.343750 0.094000 0.342500 0.095000 0.333750 0.096000
0 0.128750 0.174000 0.118750 0.188000 0.113750 0.207000 0.115000 0.219000 0.120000 0.231000 0.137500 0.252000 0.156250 0.269000 0.172500 0.276000 0.178750 0.276000 0.190000 0.273000 0.211250 0.270000 0.220000 0.267000 0.238750 0.266000 0.240000 0.265000 0.250000 0.266000 0.257500 0.262000 0.258750 0.258000 0.266250 0.250000 0.271250 0.241000 0.271250 0.237000 0.273750 0.232000 0.275000 0.208000 0.272500 0.198000 0.267500 0.189000 0.247500 0.170000 0.240000 0.165000 0.217500 0.155000 0.211250 0.155000 0.196250 0.152000 0.182500 0.152000 0.163750 0.155000 0.152500 0.159000 0.138750 0.166000
0 0.518750 0.174000 0.506250 0.182000 0.505000 0.185000 0.502500 0.187000 0.501250 0.190000 0.493750 0.198000 0.492500 0.201000 0.488750 0.204000 0.488750 0.205000 0.481250 0.213000 0.481250 0.219000 0.485000 0.221000 0.485000 0.226000 0.483750 0.227000 0.480000 0.227000 0.475000 0.230000 0.472500 0.230000 0.468750 0.234000 0.468750 0.237000 0.470000 0.238000 0.473750 0.238000 0.475000 0.239000 0.475000 0.241000 0.475000 0.240000 0.478750 0.238000 0.481250 0.239000 0.485000 0.239000 0.486250 0.240000 0.497500 0.240000 0.500000 0.239000 0.501250 0.240000 0.503750 0.240000 0.508750 0.244000 0.511250 0.245000 0.513750 0.245000 0.515000 0.246000 0.517500 0.246000 0.523750 0.249000 0.526250 0.249000 0.527500 0.250000 0.536250 0.250000 0.543750 0.238000 0.543750 0.236000 0.546250 0.232000 0.546250 0.229000 0.547500 0.228000 0.547500 0.213000 0.546250 0.212000 0.546250 0.205000 0.545000 0.204000 0.545000 0.201000 0.543750 0.200000 0.542500 0.195000 0.540000 0.191000 0.537500 0.189000 0.537500 0.188000 0.533750 0.185000 0.533750 0.184000 0.523750 0.176000
0 0.611250 0.214000 0.587500 0.214000 0.578750 0.216000 0.566250 0.221000 0.546250 0.235000 0.538750 0.247000 0.538750 0.251000 0.546250 0.257000 0.550000 0.262000 0.550000 0.264000 0.547500 0.266000 0.543750 0.267000 0.538750 0.266000 0.537500 0.267000 0.538750 0.275000 0.541250 0.276000 0.542500 0.279000 0.546250 0.282000 0.546250 0.286000 0.542500 0.290000 0.552500 0.299000 0.563750 0.307000 0.571250 0.310000 0.576250 0.315000 0.582500 0.315000 0.586250 0.314000 0.587500 0.312000 0.592500 0.311000 0.598750 0.306000 0.598750 0.304000 0.601250 0.302000 0.615000 0.296000 0.636250 0.279000 0.653750 0.268000 0.658750 0.263000 0.658750 0.252000 0.653750 0.239000 0.650000 0.236000 0.648750 0.232000 0.632500 0.221000 0.627500 0.219000 0.623750 0.220000 0.618750 0.230000 0.617500 0.242000 0.616250 0.243000 0.610000 0.236000 0.610000 0.228000 0.612500 0.226000 0.612500 0.222000 0.613750 0.221000 0.613750 0.215000
0 0.338750 0.309000 0.338750 0.312000 0.348750 0.318000 0.351250 0.329000 0.363750 0.351000 0.366250 0.364000 0.365000 0.392000 0.371250 0.416000 0.392500 0.412000 0.403750 0.407000 0.416250 0.413000 0.421250 0.413000 0.432500 0.420000 0.453750 0.425000 0.500000 0.386000 0.507500 0.383000 0.513750 0.368000 0.521250 0.377000 0.520000 0.383000 0.525000 0.396000 0.537500 0.410000 0.543750 0.412000 0.558750 0.404000 0.581250 0.401000 0.586250 0.397000 0.588750 0.388000 0.588750 0.347000 0.581250 0.331000 0.568750 0.314000 0.547500 0.297000 0.502500 0.275000 0.475000 0.269000 0.451250 0.267000 0.445000 0.269000 0.432500 0.282000 0.426250 0.285000 0.428750 0.270000 0.421250 0.269000 0.403750 0.272000 0.351250 0.298000
0 0.020000 0.408000 0.010000 0.422000 0.007500 0.430000 0.007500 0.436000 0.006250 0.437000 0.007500 0.455000 0.011250 0.465000 0.021250 0.478000 0.027500 0.482000 0.035000 0.485000 0.042500 0.490000 0.047500 0.491000 0.051250 0.494000 0.055000 0.494000 0.065000 0.498000 0.093750 0.498000 0.097500 0.496000 0.105000 0.495000 0.110000 0.492000 0.113750 0.492000 0.128750 0.483000 0.136250 0.483000 0.138750 0.486000 0.141250 0.486000 0.146250 0.489000 0.152500 0.488000 0.152500 0.482000 0.151250 0.483000 0.146250 0.482000 0.148750 0.480000 0.148750 0.477000 0.146250 0.474000 0.146250 0.470000 0.143750 0.469000 0.141250 0.463000 0.136250 0.461000 0.133750 0.456000 0.126250 0.453000 0.117500 0.445000 0.107500 0.419000 0.108750 0.401000 0.106250 0.395000 0.100000 0.392000 0.082500 0.388000 0.060000 0.388000 0.037500 0.393000
0 0.118750 0.492000 0.108750 0.500000 0.100000 0.516000 0.100000 0.523000 0.105000 0.524000 0.108750 0.528000 0.106250 0.532000 0.101250 0.534000 0.098750 0.537000 0.098750 0.542000 0.106250 0.559000 0.116250 0.570000 0.123750 0.571000 0.128750 0.576000 0.140000 0.580000 0.142500 0.583000 0.148750 0.584000 0.152500 0.587000 0.162500 0.589000 0.206250 0.588000 0.230000 0.574000 0.232500 0.568000 0.242500 0.560000 0.246250 0.554000 0.256250 0.544000 0.257500 0.536000 0.255000 0.534000 0.253750 0.518000 0.256250 0.515000 0.263750 0.513000 0.263750 0.511000 0.270000 0.507000 0.270000 0.503000 0.247500 0.507000 0.242500 0.503000 0.240000 0.498000 0.220000 0.495000 0.206250 0.495000 0.198750 0.493000 0.192500 0.488000 0.191250 0.485000 0.183750 0.481000 0.161250 0.483000 0.147500 0.480000 0.143750 0.483000 0.138750 0.483000
0 0.628750 0.533000 0.615000 0.531000 0.577500 0.536000 0.558750 0.534000 0.533750 0.526000 0.498750 0.529000 0.495000 0.533000 0.481250 0.533000 0.475000 0.543000 0.476250 0.550000 0.461250 0.565000 0.436250 0.570000 0.430000 0.563000 0.430000 0.556000 0.402500 0.551000 0.377500 0.554000 0.351250 0.574000 0.338750 0.594000 0.332500 0.611000 0.332500 0.632000 0.335000 0.634000 0.343750 0.628000 0.346250 0.630000 0.342500 0.656000 0.355000 0.674000 0.361250 0.679000 0.407500 0.689000 0.407500 0.694000 0.393750 0.695000 0.385000 0.701000 0.385000 0.704000 0.393750 0.710000 0.418750 0.721000 0.475000 0.733000 0.495000 0.732000 0.522500 0.725000 0.581250 0.703000 0.600000 0.690000 0.613750 0.670000 0.630000 0.656000 0.643750 0.630000 0.650000 0.607000 0.648750 0.569000 0.642500 0.547000
0 0.587500 0.403000 0.562500 0.405000 0.545000 0.412000 0.543750 0.420000 0.547500 0.429000 0.553750 0.434000 0.560000 0.434000 0.565000 0.438000 0.565000 0.441000 0.562500 0.444000 0.557500 0.446000 0.557500 0.450000 0.562500 0.451000 0.565000 0.448000 0.567500 0.448000 0.570000 0.450000 0.567500 0.454000 0.568750 0.459000 0.563750 0.464000 0.558750 0.465000 0.547500 0.472000 0.545000 0.472000 0.537500 0.478000 0.535000 0.482000 0.518750 0.494000 0.516250 0.498000 0.516250 0.502000 0.518750 0.506000 0.532500 0.519000 0.543750 0.526000 0.553750 0.530000 0.570000 0.533000 0.596250 0.530000 0.612500 0.530000 0.621250 0.528000 0.638750 0.520000 0.656250 0.499000 0.661250 0.483000 0.660000 0.457000 0.656250 0.444000 0.650000 0.434000 0.638750 0.422000 0.628750 0.415000 0.621250 0.412000 0.615000 0.413000 0.610000 0.408000
